240 17.681 9.852
        0.098 0.087 0.078 0.070 0.063 0.057 0.051 0.046 0.041 0.037 0.347
        0.000 0.000 0.000 0.000 0.000 0.000 0.000 0.000 0.000 0.000 0.000
241 26.248 3.644
        0.195 0.155 0.123 0.098 0.077 0.061 0.048 0.037 0.029 0.022 0.103
        0.000 0.000 0.000 0.000 0.000 0.000 0.000 0.000 0.000 0.000 0.000
242 29.795 7.446
        0.494 0.246 0.121 0.059 0.028 0.012 0.004 0.000 -0.002 -0.003 -0.003
        0.000 0.000 0.000 0.000 0.000 0.000 0.000 0.000 0.000 0.000 0.000
243 18.854 1.493
        0.885 0.075 -0.006 -0.014 -0.015 -0.015 -0.015 -0.015 -0.015 -0.015 -0.015
        0.000 0.000 0.000 0.000 0.000 0.000 0.000 0.000 0.000 0.000 0.000
244 44.311 10.883
        0.991 -0.007 -0.007 -0.007 -0.007 -0.007 -0.007 -0.007 -0.007 -0.007 -0.007
        0.000 0.000 0.000 0.000 0.000 0.000 0.000 0.000 0.000 0.000 0.000
245 20.164 14.920
        0.083 0.073 0.064 0.056 0.049 0.042 0.037 0.031 0.026 0.022 0.332
        0.000 0.000 0.000 0.000 0.000 0.000 0.000 0.000 0.000 0.000 0.000
246 12.360 0.725
        0.183 0.143 0.111 0.086 0.065 0.049 0.036 0.025 0.017 0.010 0.091
        0.000 0.000 0.000 0.000 0.000 0.000 0.000 0.000 0.000 0.000 0.000
247 32.333 4.510
        0.511 0.269 0.145 0.082 0.051 0.036 0.028 0.024 0.022 0.021 0.021
        0.000 0.000 0.000 0.000 0.000 0.000 0.000 0.000 0.000 0.000 0.000
248 31.050 5.000
        0.885 0.076 -0.004 -0.012 -0.013 -0.013 -0.013 -0.013 -0.013 -0.013 -0.013
        0.000 0.000 0.000 0.000 0.000 0.000 0.000 0.000 0.000 0.000 0.000
249 18.636 0.903
        0.986 -0.013 -0.012 -0.012 -0.012 -0.011 -0.011 -0.011 -0.011 -0.011 -0.011
        0.000 0.000 0.000 0.000 0.000 0.000 0.000 0.000 0.000 0.000 0.000
250 31.842 3.264
        0.084 0.074 0.065 0.057 0.049 0.043 0.037 0.032 0.027 0.023 0.333
        0.000 0.000 0.000 0.000 0.000 0.000 0.000 0.000 0.000 0.000 0.000
251 12.306 0.807
        0.182 0.142 0.110 0.085 0.064 0.048 0.035 0.024 0.016 0.009 0.090
        0.000 0.000 0.000 0.000 0.000 0.000 0.000 0.000 0.000 0.000 0.000
252 38.581 2.939
        0.482 0.233 0.108 0.046 0.015 -0.001 -0.009 -0.013 -0.014 -0.015 -0.015
        0.000 0.000 0.000 0.000 0.000 0.000 0.000 0.000 0.000 0.000 0.000
253 18.445 1.165
        0.881 0.072 -0.009 -0.017 -0.018 -0.018 -0.018 -0.018 -0.018 -0.018 -0.018
        0.000 0.000 0.000 0.000 0.000 0.000 0.000 0.000 0.000 0.000 0.000
254 5.321 5.616
        0.982 -0.018 -0.018 -0.017 -0.017 -0.017 -0.017 -0.017 -0.017 -0.017 -0.017
        0.000 0.000 0.000 0.000 0.000 0.000 0.000 0.000 0.000 0.000 0.000
255 17.244 7.824
        0.113 0.101 0.091 0.083 0.076 0.069 0.063 0.058 0.053 0.049 0.359
        0.000 0.000 0.000 0.000 0.000 0.000 0.000 0.000 0.000 0.000 0.000
256 45.293 7.168
        0.200 0.160 0.128 0.102 0.082 0.066 0.053 0.042 0.034 0.027 0.108
        0.000 0.000 0.000 0.000 0.000 0.000 0.000 0.000 0.000 0.000 0.000
257 39.291 12.072
        0.498 0.248 0.122 0.060 0.029 0.013 0.005 0.001 -0.001 -0.002 -0.002
        0.000 0.000 0.000 0.000 0.000 0.000 0.000 0.000 0.000 0.000 0.000
258 19.591 2.392
        0.904 0.095 0.014 0.006 0.005 0.005 0.005 0.005 0.005 0.005 0.005
        0.000 0.000 0.000 0.000 0.000 0.000 0.000 0.000 0.000 0.000 0.000
259 12.333 7.534
        0.989 -0.011 -0.011 -0.011 -0.011 -0.011 -0.011 -0.011 -0.011 -0.011 -0.011
        0.000 0.000 0.000 0.000 0.000 0.000 0.000 0.000 0.000 0.000 0.000
260 25.839 9.657
        0.102 0.092 0.083 0.075 0.068 0.062 0.056 0.051 0.046 0.042 0.352
        0.000 0.000 0.000 0.000 0.000 0.000 0.000 0.000 0.000 0.000 0.000
261 40.764 13.673
        0.205 0.168 0.137 0.112 0.092 0.075 0.062 0.052 0.044 0.037 0.118
        0.000 0.000 0.000 0.000 0.000 0.000 0.000 0.000 0.000 0.000 0.000
262 19.891 2.055
        0.501 0.252 0.128 0.066 0.035 0.020 0.012 0.008 0.007 0.006 0.006
        0.000 0.000 0.000 0.000 0.000 0.000 0.000 0.000 0.000 0.000 0.000
263 22.810 4.199
        0.891 0.082 0.001 -0.007 -0.008 -0.007 -0.007 -0.007 -0.007 -0.007 -0.007
        0.000 0.000 0.000 0.000 0.000 0.000 0.000 0.000 0.000 0.000 0.000
264 30.887 19.364
        1.004 0.009 0.011 0.012 0.013 0.013 0.013 0.014 0.014 0.014 0.014
        0.000 0.000 0.000 0.000 0.000 0.000 0.000 0.000 0.000 0.000 0.000
265 18.745 0.529
        0.095 0.087 0.079 0.071 0.064 0.058 0.052 0.047 0.042 0.038 0.348
        0.000 0.000 0.000 0.000 0.000 0.000 0.000 0.000 0.000 0.000 0.000
266 10.859 10.160
        0.192 0.153 0.121 0.095 0.075 0.058 0.045 0.034 0.026 0.019 0.100
        0.000 0.000 0.000 0.000 0.000 0.000 0.000 0.000 0.000 0.000 0.000
267 34.434 15.085
        0.491 0.243 0.120 0.058 0.027 0.012 0.004 0.000 -0.001 -0.002 -0.002
        0.000 0.000 0.000 0.000 0.000 0.000 0.000 0.000 0.000 0.000 0.000
268 27.776 11.276
        0.890 0.082 0.002 -0.006 -0.006 -0.006 -0.006 -0.005 -0.005 -0.005 -0.005
        0.000 0.000 0.000 0.000 0.000 0.000 0.000 0.000 0.000 0.000 0.000
269 29.441 13.232
        0.989 -0.008 -0.007 -0.006 -0.006 -0.006 -0.006 -0.006 -0.006 -0.006 -0.006
        0.000 0.000 0.000 0.000 0.000 0.000 0.000 0.000 0.000 0.000 0.000
270 12.142 13.217
        0.088 0.078 0.069 0.061 0.054 0.048 0.042 0.036 0.032 0.027 0.337
        0.000 0.000 0.000 0.000 0.000 0.000 0.000 0.000 0.000 0.000 0.000
271 0.000 0.000
        0.182 0.142 0.110 0.084 0.064 0.047 0.034 0.024 0.015 0.009 0.089
        0.000 0.000 0.000 0.000 0.000 0.000 0.000 0.000 0.000 0.000 0.000
272 26.166 1.058
        0.490 0.243 0.119 0.057 0.025 0.010 0.002 -0.002 -0.004 -0.005 -0.005
        0.000 0.000 0.000 0.000 0.000 0.000 0.000 0.000 0.000 0.000 0.000
273 26.030 0.562
        0.885 0.076 -0.005 -0.014 -0.014 -0.014 -0.015 -0.015 -0.015 -0.015 -0.015
        0.000 0.000 0.000 0.000 0.000 0.000 0.000 0.000 0.000 0.000 0.000
274 28.022 6.426
        0.992 -0.007 -0.007 -0.007 -0.006 -0.006 -0.006 -0.006 -0.006 -0.006 -0.006
        0.000 0.000 0.000 0.000 0.000 0.000 0.000 0.000 0.000 0.000 0.000
275 12.497 0.817
        0.089 0.080 0.071 0.063 0.055 0.049 0.043 0.038 0.033 0.029 0.338
        0.000 0.000 0.000 0.000 0.000 0.000 0.000 0.000 0.000 0.000 0.000
276 19.100 0.786
        0.185 0.145 0.114 0.088 0.068 0.052 0.038 0.028 0.020 0.013 0.094
        0.000 0.000 0.000 0.000 0.000 0.000 0.000 0.000 0.000 0.000 0.000
277 18.827 0.941
        0.484 0.235 0.110 0.048 0.017 0.002 -0.006 -0.010 -0.012 -0.013 -0.013
        0.000 0.000 0.000 0.000 0.000 0.000 0.000 0.000 0.000 0.000 0.000
278 18.090 0.865
        0.893 0.084 0.003 -0.005 -0.006 -0.006 -0.006 -0.006 -0.006 -0.006 -0.006
        0.000 0.000 0.000 0.000 0.000 0.000 0.000 0.000 0.000 0.000 0.000
279 18.172 0.802
        0.986 -0.014 -0.013 -0.013 -0.013 -0.013 -0.013 -0.013 -0.013 -0.013 -0.013
        0.000 0.000 0.000 0.000 0.000 0.000 0.000 0.000 0.000 0.000 0.000
280 12.278 0.604
        0.093 0.081 0.071 0.062 0.055 0.048 0.042 0.036 0.032 0.027 0.337
        0.000 0.000 0.000 0.000 0.000 0.000 0.000 0.000 0.000 0.000 0.000
281 35.443 5.750
        0.181 0.142 0.110 0.085 0.065 0.049 0.036 0.026 0.017 0.011 0.091
        0.000 0.000 0.000 0.000 0.000 0.000 0.000 0.000 0.000 0.000 0.000
282 28.022 3.836
        0.483 0.233 0.108 0.046 0.014 -0.001 -0.009 -0.013 -0.015 -0.016 -0.016
        0.000 0.000 0.000 0.000 0.000 0.000 0.000 0.000 0.000 0.000 0.000
283 14.461 3.885
        0.885 0.076 -0.004 -0.011 -0.012 -0.011 -0.011 -0.011 -0.011 -0.011 -0.011
        0.000 0.000 0.000 0.000 0.000 0.000 0.000 0.000 0.000 0.000 0.000
284 12.797 0.708
        0.982 -0.017 -0.016 -0.015 -0.014 -0.014 -0.013 -0.013 -0.013 -0.012 -0.012
        0.000 0.000 0.000 0.000 0.000 0.000 0.000 0.000 0.000 0.000 0.000
285 35.252 11.675
        0.113 0.104 0.095 0.087 0.079 0.073 0.067 0.062 0.057 0.053 0.362
        0.000 0.000 0.000 0.000 0.000 0.000 0.000 0.000 0.000 0.000 0.000
286 37.899 21.695
        0.214 0.178 0.147 0.121 0.101 0.084 0.071 0.061 0.052 0.046 0.126
        0.000 0.000 0.000 0.000 0.000 0.000 0.000 0.000 0.000 0.000 0.000
287 25.266 11.075
        0.499 0.250 0.125 0.063 0.032 0.016 0.008 0.004 0.002 0.001 0.001
        0.000 0.000 0.000 0.000 0.000 0.000 0.000 0.000 0.000 0.000 0.000
288 12.988 1.341
        0.905 0.097 0.016 0.008 0.007 0.007 0.007 0.007 0.007 0.007 0.007
        0.000 0.000 0.000 0.000 0.000 0.000 0.000 0.000 0.000 0.000 0.000
289 36.426 10.954
        1.009 0.008 0.009 0.009 0.009 0.009 0.009 0.010 0.010 0.010 0.010
        0.000 0.000 0.000 0.000 0.000 0.000 0.000 0.000 0.000 0.000 0.000
290 21.419 13.323
        0.105 0.095 0.086 0.078 0.071 0.064 0.058 0.053 0.048 0.044 0.354
        0.000 0.000 0.000 0.000 0.000 0.000 0.000 0.000 0.000 0.000 0.000
291 28.431 6.482
        0.209 0.170 0.138 0.113 0.092 0.076 0.063 0.053 0.045 0.038 0.118
        0.000 0.000 0.000 0.000 0.000 0.000 0.000 0.000 0.000 0.000 0.000
292 29.523 6.049
        0.488 0.238 0.113 0.051 0.020 0.004 -0.004 -0.008 -0.010 -0.011 -0.011
        0.000 0.000 0.000 0.000 0.000 0.000 0.000 0.000 0.000 0.000 0.000
293 25.484 12.899
        0.900 0.094 0.015 0.007 0.006 0.007 0.007 0.007 0.007 0.007 0.007
        0.000 0.000 0.000 0.000 0.000 0.000 0.000 0.000 0.000 0.000 0.000
294 23.793 10.278
        1.000 0.003 0.003 0.004 0.004 0.004 0.004 0.004 0.004 0.004 0.004
        0.000 0.000 0.000 0.000 0.000 0.000 0.000 0.000 0.000 0.000 0.000
295 21.037 4.290
        0.101 0.091 0.083 0.075 0.068 0.061 0.055 0.050 0.045 0.041 0.351
        0.000 0.000 0.000 0.000 0.000 0.000 0.000 0.000 0.000 0.000 0.000
296 37.462 18.797
        0.196 0.160 0.131 0.106 0.087 0.071 0.059 0.049 0.041 0.034 0.115
        0.000 0.000 0.000 0.000 0.000 0.000 0.000 0.000 0.000 0.000 0.000
297 38.909 8.833
        0.494 0.248 0.124 0.063 0.032 0.017 0.010 0.006 0.004 0.004 0.004
        0.000 0.000 0.000 0.000 0.000 0.000 0.000 0.000 0.000 0.000 0.000
298 5.921 9.089
        0.884 0.075 -0.006 -0.014 -0.015 -0.015 -0.015 -0.015 -0.015 -0.015 -0.015
        0.000 0.000 0.000 0.000 0.000 0.000 0.000 0.000 0.000 0.000 0.000
299 35.143 11.865
        0.987 -0.010 -0.009 -0.008 -0.007 -0.007 -0.007 -0.006 -0.006 -0.006 -0.006
        0.000 0.000 0.000 0.000 0.000 0.000 0.000 0.000 0.000 0.000 0.000
300 49.714 21.694
        0.137 0.129 0.120 0.112 0.104 0.097 0.091 0.086 0.081 0.077 0.386
        0.000 0.000 0.000 0.000 0.000 0.000 0.000 0.000 0.000 0.000 0.000
301 53.752 19.063
        0.236 0.197 0.165 0.140 0.119 0.103 0.090 0.080 0.071 0.064 0.145
        0.000 0.000 0.000 0.000 0.000 0.000 0.000 0.000 0.000 0.000 0.000
302 62.538 24.036
        0.541 0.293 0.168 0.106 0.075 0.059 0.051 0.047 0.045 0.044 0.044
        0.000 0.000 0.000 0.000 0.000 0.000 0.000 0.000 0.000 0.000 0.000
303 61.992 16.667
        0.939 0.132 0.053 0.045 0.045 0.046 0.046 0.046 0.047 0.047 0.047
        0.000 0.000 0.000 0.000 0.000 0.000 0.000 0.000 0.000 0.000 0.000
304 48.377 19.484
        1.021 0.022 0.022 0.022 0.023 0.023 0.023 0.022 0.022 0.022 0.022
        0.000 0.000 0.000 0.000 0.000 0.000 0.000 0.000 0.000 0.000 0.000
305 58.690 13.232
        0.118 0.109 0.101 0.093 0.086 0.079 0.073 0.068 0.063 0.059 0.368
        0.000 0.000 0.000 0.000 0.000 0.000 0.000 0.000 0.000 0.000 0.000
306 57.899 9.555
        0.225 0.183 0.151 0.125 0.104 0.088 0.074 0.063 0.055 0.048 0.128
        0.000 0.000 0.000 0.000 0.000 0.000 0.000 0.000 0.000 0.000 0.000
307 57.190 25.073
        0.525 0.276 0.152 0.089 0.058 0.043 0.035 0.031 0.029 0.028 0.028
        0.000 0.000 0.000 0.000 0.000 0.000 0.000 0.000 0.000 0.000 0.000
308 47.394 12.803
        0.912 0.108 0.029 0.021 0.021 0.021 0.022 0.022 0.022 0.022 0.022
        0.000 0.000 0.000 0.000 0.000 0.000 0.000 0.000 0.000 0.000 0.000
309 52.415 13.619
        1.031 0.037 0.039 0.040 0.041 0.041 0.041 0.042 0.042 0.042 0.042
        0.000 0.000 0.000 0.000 0.000 0.000 0.000 0.000 0.000 0.000 0.000
310 33.479 11.145
        0.121 0.114 0.106 0.099 0.092 0.086 0.080 0.075 0.070 0.066 0.376
        0.000 0.000 0.000 0.000 0.000 0.000 0.000 0.000 0.000 0.000 0.000
311 57.162 16.359
        0.238 0.199 0.167 0.142 0.121 0.105 0.092 0.081 0.073 0.066 0.146
        0.000 0.000 0.000 0.000 0.000 0.000 0.000 0.000 0.000 0.000 0.000
312 39.864 14.354
        0.494 0.261 0.142 0.083 0.054 0.040 0.033 0.030 0.028 0.028 0.028
        0.000 0.000 0.000 0.000 0.000 0.000 0.000 0.000 0.000 0.000 0.000
313 53.124 20.546
        0.918 0.121 0.045 0.040 0.041 0.043 0.044 0.044 0.045 0.045 0.045
        0.000 0.000 0.000 0.000 0.000 0.000 0.000 0.000 0.000 0.000 0.000
314 47.640 21.287
        1.001 0.020 0.028 0.033 0.036 0.038 0.040 0.041 0.041 0.042 0.042
        0.000 0.000 0.000 0.000 0.000 0.000 0.000 0.000 0.000 0.000 0.000
315 58.226 26.536
        0.152 0.142 0.133 0.125 0.117 0.111 0.105 0.099 0.095 0.090 0.400
        0.000 0.000 0.000 0.000 0.000 0.000 0.000 0.000 0.000 0.000 0.000
316 74.625 14.935
        0.266 0.227 0.196 0.170 0.150 0.134 0.121 0.110 0.102 0.095 0.176
        0.000 0.000 0.000 0.000 0.000 0.000 0.000 0.000 0.000 0.000 0.000
317 66.958 18.486
        0.563 0.313 0.188 0.126 0.095 0.079 0.071 0.067 0.065 0.064 0.064
        0.000 0.000 0.000 0.000 0.000 0.000 0.000 0.000 0.000 0.000 0.000
318 73.643 15.774
        0.965 0.157 0.077 0.069 0.068 0.068 0.068 0.068 0.068 0.068 0.068
        0.000 0.000 0.000 0.000 0.000 0.000 0.000 0.000 0.000 0.000 0.000
319 64.256 24.795
        1.053 0.054 0.053 0.053 0.053 0.053 0.053 0.053 0.053 0.053 0.053
        0.000 0.000 0.000 0.000 0.000 0.000 0.000 0.000 0.000 0.000 0.000
320 63.301 15.655
        0.159 0.145 0.136 0.127 0.119 0.112 0.106 0.100 0.095 0.091 0.401
        0.000 0.000 0.000 0.000 0.000 0.000 0.000 0.000 0.000 0.000 0.000
321 63.738 22.045
        0.265 0.227 0.194 0.169 0.148 0.132 0.119 0.108 0.100 0.093 0.173
        0.000 0.000 0.000 0.000 0.000 0.000 0.000 0.000 0.000 0.000 0.000
322 70.423 7.111
        0.553 0.308 0.185 0.123 0.093 0.077 0.070 0.066 0.064 0.063 0.063
        0.000 0.000 0.000 0.000 0.000 0.000 0.000 0.000 0.000 0.000 0.000
323 65.839 19.312
        0.959 0.151 0.071 0.064 0.063 0.063 0.064 0.064 0.064 0.064 0.064
        0.000 0.000 0.000 0.000 0.000 0.000 0.000 0.000 0.000 0.000 0.000
324 67.776 18.137
        1.047 0.049 0.049 0.050 0.050 0.050 0.050 0.050 0.050 0.050 0.050
        0.000 0.000 0.000 0.000 0.000 0.000 0.000 0.000 0.000 0.000 0.000
325 60.737 21.605
        0.161 0.157 0.147 0.139 0.131 0.124 0.118 0.113 0.108 0.103 0.413
        0.000 0.000 0.000 0.000 0.000 0.000 0.000 0.000 0.000 0.000 0.000
326 55.580 22.352
        0.253 0.214 0.183 0.158 0.137 0.121 0.108 0.098 0.090 0.083 0.164
        0.000 0.000 0.000 0.000 0.000 0.000 0.000 0.000 0.000 0.000 0.000
327 53.752 24.312
        0.542 0.295 0.172 0.110 0.080 0.065 0.058 0.054 0.053 0.052 0.052
        0.000 0.000 0.000 0.000 0.000 0.000 0.000 0.000 0.000 0.000 0.000
328 63.356 25.094
        0.960 0.156 0.077 0.070 0.069 0.070 0.090 0.090 0.090 0.090 0.090
        0.000 0.000 0.000 0.000 0.000 0.000 0.000 0.000 0.000 0.000 0.000
329 53.915 21.663
        1.026 0.034 0.037 0.039 0.040 0.041 0.041 0.041 0.042 0.042 0.042
        0.000 0.000 0.000 0.000 0.000 0.000 0.000 0.000 0.000 0.000 0.000
330 42.647 18.973
        0.125 0.116 0.107 0.099 0.091 0.084 0.078 0.073 0.068 0.064 0.373
        0.000 0.000 0.000 0.000 0.000 0.000 0.000 0.000 0.000 0.000 0.000
331 53.315 22.813
        0.268 0.226 0.193 0.167 0.146 0.130 0.116 0.106 0.097 0.090 0.171
        0.000 0.000 0.000 0.000 0.000 0.000 0.000 0.000 0.000 0.000 0.000
332 42.319 12.851
        0.529 0.282 0.158 0.096 0.064 0.049 0.041 0.037 0.035 0.033 0.033
        0.000 0.000 0.000 0.000 0.000 0.000 0.000 0.000 0.000 0.000 0.000
333 55.443 18.166
        0.942 0.134 0.053 0.045 0.044 0.044 0.043 0.043 0.043 0.043 0.043
        0.000 0.000 0.000 0.000 0.000 0.000 0.000 0.000 0.000 0.000 0.000
334 53.888 14.047
        1.028 0.034 0.036 0.037 0.037 0.038 0.038 0.038 0.038 0.038 0.038
        0.000 0.000 0.000 0.000 0.000 0.000 0.000 0.000 0.000 0.000 0.000
335 44.038 9.872
        0.137 0.126 0.117 0.108 0.101 0.095 0.089 0.083 0.078 0.074 0.384
        0.000 0.000 0.000 0.000 0.000 0.000 0.000 0.000 0.000 0.000 0.000
336 45.102 21.299
        0.211 0.172 0.140 0.114 0.094 0.077 0.064 0.054 0.045 0.038 0.119
        0.000 0.000 0.000 0.000 0.000 0.000 0.000 0.000 0.000 0.000 0.000
337 50.150 17.545
        0.553 0.304 0.179 0.117 0.085 0.069 0.062 0.057 0.055 0.054 0.054
        0.000 0.000 0.000 0.000 0.000 0.000 0.000 0.000 0.000 0.000 0.000
338 32.824 11.274
        0.893 0.095 0.019 0.013 0.014 0.015 0.016 0.017 0.017 0.018 0.018
        0.000 0.000 0.000 0.000 0.000 0.000 0.000 0.000 0.000 0.000 0.000
339 50.696 27.563
        1.005 0.008 0.008 0.009 0.009 0.009 0.009 0.009 0.008 0.008 0.008
        0.000 0.000 0.000 0.000 0.000 0.000 0.000 0.000 0.000 0.000 0.000
340 38.963 22.888
        0.192 0.135 0.125 0.116 0.109 0.103 0.097 0.093 0.089 0.085 0.395
        0.000 0.000 0.000 0.000 0.000 0.000 0.000 0.000 0.000 0.000 0.000
341 36.508 14.254
        0.242 0.206 0.175 0.150 0.130 0.114 0.102 0.091 0.083 0.077 0.158
        0.000 0.000 0.000 0.000 0.000 0.000 0.000 0.000 0.000 0.000 0.000
342 30.887 6.321
        0.476 0.240 0.121 0.062 0.033 0.018 0.012 0.009 0.007 0.007 0.007
        0.000 0.000 0.000 0.000 0.000 0.000 0.000 0.000 0.000 0.000 0.000
343 52.115 16.730
        0.935 0.135 0.059 0.054 0.056 0.058 0.060 0.062 0.063 0.063 0.064
        0.000 0.000 0.000 0.000 0.000 0.000 0.000 0.000 0.000 0.000 0.000
344 39.400 17.863
        1.003 0.015 0.019 0.021 0.022 0.023 0.023 0.024 0.024 0.024 0.024
        0.000 0.000 0.000 0.000 0.000 0.000 0.000 0.000 0.000 0.000 0.000
345 51.569 24.025
        0.141 0.133 0.125 0.117 0.110 0.104 0.098 0.093 0.088 0.084 0.394
        0.000 0.000 0.000 0.000 0.000 0.000 0.000 0.000 0.000 0.000 0.000
346 59.973 21.129
        0.266 0.226 0.194 0.168 0.148 0.132 0.119 0.108 0.100 0.093 0.174
        0.000 0.000 0.000 0.000 0.000 0.000 0.000 0.000 0.000 0.000 0.000
347 62.756 18.633
        0.562 0.312 0.187 0.125 0.094 0.078 0.070 0.066 0.065 0.064 0.064
        0.000 0.000 0.000 0.000 0.000 0.000 0.000 0.000 0.000 0.000 0.000
348 64.884 14.842
        0.948 0.138 0.056 0.048 0.046 0.046 0.046 0.046 0.045 0.045 0.045
        0.000 0.000 0.000 0.000 0.000 0.000 0.000 0.000 0.000 0.000 0.000
349 56.344 23.737
        1.049 0.051 0.052 0.052 0.052 0.052 0.052 0.052 0.051 0.051 0.051
        0.000 0.000 0.000 0.000 0.000 0.000 0.000 0.000 0.000 0.000 0.000
350 59.181 16.478
        0.166 0.157 0.149 0.141 0.133 0.127 0.121 0.115 0.110 0.106 0.416
        0.000 0.000 0.000 0.000 0.000 0.000 0.000 0.000 0.000 0.000 0.000
351 55.716 17.044
        0.247 0.206 0.175 0.149 0.129 0.112 0.099 0.089 0.080 0.073 0.154
        0.000 0.000 0.000 0.000 0.000 0.000 0.000 0.000 0.000 0.000 0.000
352 52.824 23.661
        0.567 0.319 0.194 0.152 0.121 0.106 0.098 0.095 0.093 0.092 0.092
        0.000 0.000 0.000 0.000 0.000 0.000 0.000 0.000 0.000 0.000 0.000
353 52.524 18.941
        0.923 0.116 0.036 0.029 0.028 0.028 0.028 0.028 0.028 0.028 0.028
        0.000 0.000 0.000 0.000 0.000 0.000 0.000 0.000 0.000 0.000 0.000
354 55.307 21.496
        1.056 0.059 0.059 0.060 0.061 0.061 0.061 0.061 0.062 0.062 0.062
        0.000 0.000 0.000 0.000 0.000 0.000 0.000 0.000 0.000 0.000 0.000
355 49.632 13.988
        0.150 0.141 0.133 0.124 0.117 0.110 0.104 0.098 0.093 0.089 0.399
        0.000 0.000 0.000 0.000 0.000 0.000 0.000 0.000 0.000 0.000 0.000
356 52.551 23.241
        0.241 0.212 0.187 0.165 0.146 0.131 0.119 0.109 0.101 0.095 0.176
        0.000 0.000 0.000 0.000 0.000 0.000 0.000 0.000 0.000 0.000 0.000
357 53.015 24.413
        0.537 0.290 0.165 0.103 0.072 0.056 0.049 0.045 0.043 0.042 0.042
        0.000 0.000 0.000 0.000 0.000 0.000 0.000 0.000 0.000 0.000 0.000
358 45.484 21.602
        0.908 0.106 0.027 0.021 0.021 0.022 0.022 0.022 0.022 0.023 0.023
        0.000 0.000 0.000 0.000 0.000 0.000 0.000 0.000 0.000 0.000 0.000
359 50.068 19.008
        1.032 0.042 0.045 0.046 0.047 0.048 0.049 0.049 0.050 0.050 0.050
        0.000 0.000 0.000 0.000 0.000 0.000 0.000 0.000 0.000 0.000 0.000
360 55.334 17.253
        0.198 0.187 0.178 0.170 0.163 0.157 0.151 0.145 0.141 0.136 0.446
        0.000 0.000 0.000 0.000 0.000 0.000 0.000 0.000 0.000 0.000 0.000
361 66.821 18.530
        0.331 0.291 0.259 0.233 0.213 0.197 0.184 0.173 0.165 0.158 0.239
        0.000 0.000 0.000 0.000 0.000 0.000 0.000 0.000 0.000 0.000 0.000
362 62.920 22.950
        0.602 0.354 0.229 0.167 0.136 0.120 0.112 0.108 0.106 0.105 0.105
        0.000 0.000 0.000 0.000 0.000 0.000 0.000 0.000 0.000 0.000 0.000
363 68.622 20.179
        0.992 0.182 0.100 0.092 0.091 0.091 0.091 0.091 0.091 0.090 0.090
        0.000 0.000 0.000 0.000 0.000 0.000 0.000 0.000 0.000 0.000 0.000
364 47.995 17.018
        1.076 0.078 0.079 0.080 0.080 0.080 0.080 0.080 0.080 0.080 0.080
        0.000 0.000 0.000 0.000 0.000 0.000 0.000 0.000 0.000 0.000 0.000
365 65.512 22.997
        0.205 0.195 0.186 0.178 0.171 0.165 0.159 0.154 0.149 0.145 0.454
        0.000 0.000 0.000 0.000 0.000 0.000 0.000 0.000 0.000 0.000 0.000
366 65.211 20.299
        0.330 0.293 0.262 0.277 0.257 0.241 0.229 0.218 0.210 0.204 0.284
        0.000 0.000 0.000 0.000 0.000 0.000 0.000 0.000 0.000 0.000 0.000
367 67.203 21.079
        0.628 0.428 0.304 0.243 0.212 0.197 0.189 0.185 0.183 0.183 0.183
        0.000 0.000 0.000 0.000 0.000 0.000 0.000 0.000 0.000 0.000 0.000
368 63.820 21.246
        0.985 0.204 0.130 0.126 0.127 0.128 0.129 0.130 0.130 0.131 0.131
        0.000 0.000 0.000 0.000 0.000 0.000 0.000 0.000 0.000 0.000 0.000
369 66.548 19.391
        1.090 0.110 0.118 0.123 0.125 0.127 0.129 0.130 0.130 0.131 0.131
        0.000 0.000 0.000 0.000 0.000 0.000 0.000 0.000 0.000 0.000 0.000
370 54.870 22.087
        0.193 0.179 0.173 0.166 0.160 0.153 0.147 0.142 0.137 0.133 0.442
        0.000 0.000 0.000 0.000 0.000 0.000 0.000 0.000 0.000 0.000 0.000
371 52.742 21.411
        0.268 0.243 0.216 0.193 0.174 0.158 0.145 0.135 0.127 0.120 0.201
        0.000 0.000 0.000 0.000 0.000 0.000 0.000 0.000 0.000 0.000 0.000
372 51.269 26.725
        0.563 0.339 0.222 0.163 0.133 0.119 0.111 0.108 0.106 0.106 0.106
        0.000 0.000 0.000 0.000 0.000 0.000 0.000 0.000 0.000 0.000 0.000
373 65.839 22.764
        0.957 0.175 0.105 0.105 0.109 0.112 0.115 0.117 0.118 0.119 0.120
        0.000 0.000 0.000 0.000 0.000 0.000 0.000 0.000 0.000 0.000 0.000
374 58.990 22.181
        1.025 0.061 0.070 0.076 0.079 0.081 0.083 0.084 0.085 0.085 0.086
        0.000 0.000 0.000 0.000 0.000 0.000 0.000 0.000 0.000 0.000 0.000
375 73.724 13.556
        0.232 0.222 0.212 0.204 0.197 0.191 0.185 0.179 0.175 0.170 0.480
        0.000 0.000 0.000 0.000 0.000 0.000 0.000 0.000 0.000 0.000 0.000
376 68.322 24.531
        0.337 0.297 0.265 0.239 0.219 0.202 0.189 0.179 0.170 0.164 0.244
        0.000 0.000 0.000 0.000 0.000 0.000 0.000 0.000 0.000 0.000 0.000
377 65.321 22.553
        0.618 0.372 0.248 0.186 0.155 0.140 0.132 0.128 0.126 0.125 0.125
        0.000 0.000 0.000 0.000 0.000 0.000 0.000 0.000 0.000 0.000 0.000
378 67.613 18.377
        1.023 0.214 0.133 0.125 0.124 0.124 0.124 0.124 0.124 0.124 0.124
        0.000 0.000 0.000 0.000 0.000 0.000 0.000 0.000 0.000 0.000 0.000
379 65.102 20.637
        1.092 0.095 0.096 0.096 0.096 0.096 0.096 0.096 0.096 0.096 0.096
        0.000 0.000 0.000 0.000 0.000 0.000 0.000 0.000 0.000 0.000 0.000
380 66.739 18.087
        0.199 0.189 0.180 0.173 0.166 0.159 0.153 0.148 0.143 0.139 0.449
        0.000 0.000 0.000 0.000 0.000 0.000 0.000 0.000 0.000 0.000 0.000
381 64.884 22.420
        0.298 0.258 0.226 0.201 0.180 0.163 0.150 0.140 0.131 0.124 0.204
        0.000 0.000 0.000 0.000 0.000 0.000 0.000 0.000 0.000 0.000 0.000
382 57.080 29.024
        0.623 0.376 0.252 0.189 0.158 0.143 0.135 0.132 0.130 0.129 0.129
        0.000 0.000 0.000 0.000 0.000 0.000 0.000 0.000 0.000 0.000 0.000
383 63.056 27.526
        1.015 0.211 0.131 0.124 0.123 0.123 0.123 0.123 0.123 0.123 0.123
        0.000 0.000 0.000 0.000 0.000 0.000 0.000 0.000 0.000 0.000 0.000
384 65.157 24.318
        1.123 0.128 0.130 0.130 0.131 0.131 0.131 0.132 0.132 0.132 0.132
        0.000 0.000 0.000 0.000 0.000 0.000 0.000 0.000 0.000 0.000 0.000
385 60.327 24.104
        0.214 0.209 0.203 0.197 0.190 0.184 0.179 0.174 0.170 0.166 0.476
        0.000 0.000 0.000 0.000 0.000 0.000 0.000 0.000 0.000 0.000 0.000
386 63.902 19.664
        0.291 0.262 0.239 0.218 0.200 0.186 0.174 0.164 0.156 0.150 0.231
        0.000 0.000 0.000 0.000 0.000 0.000 0.000 0.000 0.000 0.000 0.000
387 69.413 18.844
        0.600 0.366 0.249 0.189 0.160 0.145 0.138 0.135 0.133 0.133 0.133
        0.000 0.000 0.000 0.000 0.000 0.000 0.000 0.000 0.000 0.000 0.000
388 63.493 23.423
        0.964 0.175 0.101 0.096 0.097 0.098 0.099 0.100 0.100 0.101 0.101
        0.000 0.000 0.000 0.000 0.000 0.000 0.000 0.000 0.000 0.000 0.000
389 66.712 20.616
        1.078 0.093 0.097 0.099 0.101 0.102 0.102 0.103 0.103 0.103 0.103
        0.000 0.000 0.000 0.000 0.000 0.000 0.000 0.000 0.000 0.000 0.000
390 50.450 17.913
        0.184 0.178 0.168 0.160 0.153 0.146 0.140 0.134 0.129 0.125 0.434
        0.000 0.000 0.000 0.000 0.000 0.000 0.000 0.000 0.000 0.000 0.000
391 70.914 13.125
        0.336 0.338 0.307 0.282 0.261 0.245 0.232 0.222 0.214 0.207 0.287
        0.000 0.000 0.000 0.000 0.000 0.000 0.000 0.000 0.000 0.000 0.000
392 66.357 15.025
        0.625 0.373 0.248 0.186 0.154 0.138 0.131 0.127 0.125 0.123 0.123
        0.000 0.000 0.000 0.000 0.000 0.000 0.000 0.000 0.000 0.000 0.000
393 56.780 19.516
        1.008 0.214 0.136 0.130 0.130 0.130 0.130 0.130 0.130 0.130 0.130
        0.000 0.000 0.000 0.000 0.000 0.000 0.000 0.000 0.000 0.000 0.000
394 43.029 21.066
        1.037 0.045 0.048 0.049 0.049 0.049 0.049 0.049 0.049 0.049 0.049
        0.000 0.000 0.000 0.000 0.000 0.000 0.000 0.000 0.000 0.000 0.000
395 49.741 24.898
        0.203 0.191 0.182 0.173 0.166 0.159 0.153 0.147 0.142 0.138 0.448
        0.000 0.000 0.000 0.000 0.000 0.000 0.000 0.000 0.000 0.000 0.000
396 56.999 23.897
        0.317 0.325 0.293 0.270 0.252 0.237 0.225 0.216 0.208 0.201 0.282
        0.000 0.000 0.000 0.000 0.000 0.000 0.000 0.000 0.000 0.000 0.000
397 51.378 17.655
        0.571 0.330 0.207 0.146 0.116 0.100 0.093 0.089 0.087 0.086 0.087
        0.000 0.000 0.000 0.000 0.000 0.000 0.000 0.000 0.000 0.000 0.000
398 52.660 22.030
        0.970 0.166 0.087 0.079 0.079 0.079 0.079 0.079 0.079 0.078 0.078
        0.000 0.000 0.000 0.000 0.000 0.000 0.000 0.000 0.000 0.000 0.000
399 58.527 26.396
        1.092 0.106 0.113 0.117 0.119 0.121 0.122 0.123 0.124 0.125 0.125
        0.000 0.000 0.000 0.000 0.000 0.000 0.000 0.000 0.000 0.000 0.000
400 44.557 20.964
        0.091 0.081 0.079 0.075 0.071 0.066 0.061 0.057 0.053 0.049 0.360
        0.000 0.000 0.000 0.000 0.000 0.000 0.000 0.000 0.000 0.000 0.000
401 39.209 23.936
        0.217 0.218 0.193 0.171 0.152 0.136 0.124 0.114 0.105 0.099 0.180
        0.000 0.000 0.000 0.000 0.000 0.000 0.000 0.000 0.000 0.000 0.000
402 52.578 17.442
        0.550 0.320 0.202 0.143 0.113 0.099 0.092 0.088 0.087 0.086 0.087
        0.000 0.000 0.000 0.000 0.000 0.000 0.000 0.000 0.000 0.000 0.000
403 45.266 25.648
        0.941 0.149 0.076 0.072 0.075 0.077 0.078 0.079 0.080 0.080 0.081
        0.000 0.000 0.000 0.000 0.000 0.000 0.000 0.000 0.000 0.000 0.000
404 50.832 23.236
        1.033 0.069 0.085 0.093 0.099 0.103 0.107 0.109 0.112 0.113 0.115
        0.000 0.000 0.000 0.000 0.000 0.000 0.000 0.000 0.000 0.000 0.000
405 66.712 17.606
        0.278 0.228 0.219 0.210 0.203 0.196 0.190 0.185 0.180 0.176 0.486
        0.000 0.000 0.000 0.000 0.000 0.000 0.000 0.000 0.000 0.000 0.000
406 71.187 17.900
        0.376 0.337 0.305 0.279 0.259 0.242 0.229 0.218 0.210 0.203 0.284
        0.000 0.000 0.000 0.000 0.000 0.000 0.000 0.000 0.000 0.000 0.000
407 63.956 15.968
        0.614 0.366 0.241 0.179 0.148 0.132 0.125 0.121 0.119 0.118 0.118
        0.000 0.000 0.000 0.000 0.000 0.000 0.000 0.000 0.000 0.000 0.000
408 59.864 25.114
        1.025 0.218 0.138 0.131 0.130 0.130 0.130 0.131 0.131 0.131 0.131
        0.000 0.000 0.000 0.000 0.000 0.000 0.000 0.000 0.000 0.000 0.000
409 60.655 21.403
        1.103 0.107 0.109 0.109 0.110 0.110 0.110 0.111 0.111 0.111 0.111
        0.000 0.000 0.000 0.000 0.000 0.000 0.000 0.000 0.000 0.000 0.000
410 59.700 24.396
        0.225 0.215 0.208 0.201 0.194 0.188 0.182 0.177 0.172 0.168 0.478
        0.000 0.000 0.000 0.000 0.000 0.000 0.000 0.000 0.000 0.000 0.000
411 53.834 20.685
        0.304 0.266 0.235 0.210 0.189 0.173 0.160 0.150 0.141 0.135 0.215
        0.000 0.000 0.000 0.000 0.000 0.000 0.000 0.000 0.000 0.000 0.000
412 67.012 19.225
        0.630 0.425 0.300 0.198 0.167 0.151 0.143 0.139 0.137 0.136 0.136
        0.000 0.000 0.000 0.000 0.000 0.000 0.000 0.000 0.000 0.000 0.000
413 56.453 25.034
        1.015 0.211 0.133 0.126 0.127 0.128 0.128 0.129 0.129 0.130 0.130
        0.000 0.000 0.000 0.000 0.000 0.000 0.000 0.000 0.000 0.000 0.000
414 63.874 20.558
        1.088 0.102 0.106 0.107 0.108 0.109 0.109 0.109 0.109 0.110 0.110
        0.000 0.000 0.000 0.000 0.000 0.000 0.000 0.000 0.000 0.000 0.000
415 57.626 11.838
        0.208 0.192 0.185 0.178 0.171 0.165 0.159 0.154 0.149 0.145 0.455
        0.000 0.000 0.000 0.000 0.000 0.000 0.000 0.000 0.000 0.000 0.000
416 51.869 24.037
        0.303 0.270 0.241 0.216 0.196 0.181 0.168 0.158 0.150 0.143 0.224
        0.000 0.000 0.000 0.000 0.000 0.000 0.000 0.000 0.000 0.000 0.000
417 44.529 22.868
        0.543 0.319 0.201 0.142 0.113 0.099 0.092 0.088 0.087 0.086 0.087
        0.000 0.000 0.000 0.000 0.000 0.000 0.000 0.000 0.000 0.000 0.000
418 45.184 24.408
        0.924 0.141 0.071 0.068 0.070 0.072 0.073 0.074 0.074 0.074 0.075
        0.000 0.000 0.000 0.000 0.000 0.000 0.000 0.000 0.000 0.000 0.000
419 62.156 17.621
        1.093 0.102 0.108 0.110 0.112 0.113 0.113 0.114 0.114 0.114 0.114
        0.000 0.000 0.000 0.000 0.000 0.000 0.000 0.000 0.000 0.000 0.000
420 71.296 15.409
        0.396 0.393 0.388 0.382 0.376 0.371 0.365 0.361 0.356 0.352 0.662
        0.000 0.000 0.000 0.000 0.000 0.000 0.000 0.000 0.000 0.000 0.000
421 72.224 17.373
        0.486 0.450 0.420 0.395 0.375 0.359 0.347 0.336 0.328 0.322 0.402
        0.000 0.000 0.000 0.000 0.000 0.000 0.000 0.000 0.000 0.000 0.000
422 69.441 20.440
        0.797 0.554 0.430 0.367 0.336 0.321 0.313 0.309 0.307 0.306 0.305
        0.000 0.000 0.000 0.000 0.000 0.000 0.000 0.000 0.000 0.000 0.000
423 68.595 19.485
        1.199 0.404 0.327 0.320 0.320 0.320 0.320 0.320 0.319 0.319 0.319
        0.000 0.000 0.000 0.000 0.000 0.000 0.000 0.000 0.000 0.000 0.000
424 69.604 22.919
        1.308 0.323 0.326 0.328 0.329 0.329 0.330 0.330 0.330 0.330 0.331
        0.000 0.000 0.000 0.000 0.000 0.000 0.000 0.000 0.000 0.000 0.000
425 70.559 21.879
        0.353 0.361 0.356 0.349 0.342 0.336 0.330 0.325 0.320 0.315 0.625
        0.000 0.000 0.000 0.000 0.000 0.000 0.000 0.000 0.000 0.000 0.000
426 72.224 15.403
        0.459 0.435 0.411 0.390 0.372 0.357 0.345 0.336 0.328 0.322 0.403
        0.000 0.000 0.000 0.000 0.000 0.000 0.000 0.000 0.000 0.000 0.000
427 66.521 19.702
        0.743 0.524 0.412 0.355 0.328 0.315 0.308 0.306 0.305 0.305 0.305
        0.000 0.000 0.000 0.000 0.000 0.000 0.000 0.000 0.000 0.000 0.000
428 65.157 24.388
        1.137 0.368 0.299 0.295 0.296 0.298 0.298 0.299 0.299 0.299 0.299
        0.000 0.000 0.000 0.000 0.000 0.000 0.000 0.000 0.000 0.000 0.000
429 69.468 21.906
        1.267 0.315 0.325 0.330 0.332 0.333 0.334 0.335 0.335 0.336 0.336
        0.000 0.000 0.000 0.000 0.000 0.000 0.000 0.000 0.000 0.000 0.000
430 73.070 11.543
        0.316 0.337 0.347 0.345 0.340 0.336 0.331 0.326 0.321 0.317 0.627
        0.000 0.000 0.000 0.000 0.000 0.000 0.000 0.000 0.000 0.000 0.000
431 57.462 23.651
        0.369 0.384 0.368 0.350 0.334 0.320 0.309 0.300 0.292 0.286 0.367
        0.000 0.000 0.000 0.000 0.000 0.000 0.000 0.000 0.000 0.000 0.000
432 65.157 16.421
        0.511 0.421 0.339 0.286 0.258 0.243 0.237 0.234 0.232 0.232 0.232
        0.000 0.000 0.000 0.000 0.000 0.000 0.000 0.000 0.000 0.000 0.000
433 62.265 21.729
        1.063 0.293 0.228 0.229 0.237 0.244 0.250 0.255 0.260 0.263 0.266
        0.000 0.000 0.000 0.000 0.000 0.000 0.000 0.000 0.000 0.000 0.000
434 66.276 19.319
        1.137 0.235 0.264 0.278 0.286 0.291 0.294 0.296 0.297 0.298 0.299
        0.000 0.000 0.000 0.000 0.000 0.000 0.000 0.000 0.000 0.000 0.000
435 74.625 13.060
        0.392 0.387 0.379 0.370 0.358 0.337 0.275 0.299 0.275 0.264 0.571
        0.000 0.000 0.000 0.000 0.000 0.000 0.000 0.000 0.000 0.000 0.000
436 72.824 16.396
        0.490 0.450 0.418 0.392 0.371 0.354 0.342 0.331 0.323 0.316 0.397
        0.000 0.000 0.000 0.000 0.000 0.000 0.000 0.000 0.000 0.000 0.000
437 68.595 25.111
        0.786 0.551 0.429 0.368 0.338 0.323 0.316 0.312 0.310 0.309 0.309
        0.000 0.000 0.000 0.000 0.000 0.000 0.000 0.000 0.000 0.000 0.000
438 70.423 20.781
        1.155 0.363 0.287 0.281 0.282 0.283 0.283 0.284 0.284 0.284 0.285
        0.000 0.000 0.000 0.000 0.000 0.000 0.000 0.000 0.000 0.000 0.000
439 74.270 14.249
        1.273 0.293 0.298 0.300 0.300 0.300 0.300 0.300 0.300 0.300 0.300
        0.000 0.000 0.000 0.000 0.000 0.000 0.000 0.000 0.000 0.000 0.000
440 67.558 16.223
        0.354 0.352 0.346 0.339 0.330 0.321 0.311 0.300 0.292 0.287 0.596
        0.000 0.000 0.000 0.000 0.000 0.000 0.000 0.000 0.000 0.000 0.000
441 73.015 16.481
        0.448 0.422 0.392 0.366 0.345 0.325 0.309 0.295 0.285 0.277 0.357
        0.000 0.000 0.000 0.000 0.000 0.000 0.000 0.000 0.000 0.000 0.000
442 72.251 19.934
        0.680 0.501 0.398 0.345 0.315 0.296 0.271 0.257 0.250 0.248 0.248
        0.000 0.000 0.000 0.000 0.000 0.000 0.000 0.000 0.000 0.000 0.000
443 72.906 17.888
        1.107 0.371 0.306 0.305 0.308 0.310 0.312 0.313 0.313 0.314 0.314
        0.000 0.000 0.000 0.000 0.000 0.000 0.000 0.000 0.000 0.000 0.000
444 72.578 12.175
        1.229 0.282 0.295 0.300 0.303 0.305 0.306 0.307 0.308 0.308 0.309
        0.000 0.000 0.000 0.000 0.000 0.000 0.000 0.000 0.000 0.000 0.000
445 66.030 20.014
        0.252 0.303 0.308 0.308 0.305 0.300 0.296 0.292 0.289 0.285 0.596
        0.000 0.000 0.000 0.000 0.000 0.000 0.000 0.000 0.000 0.000 0.000
446 68.977 18.253
        0.339 0.365 0.359 0.345 0.332 0.320 0.310 0.301 0.294 0.289 0.370
        0.000 0.000 0.000 0.000 0.000 0.000 0.000 0.000 0.000 0.000 0.000
447 70.614 14.325
        0.545 0.377 0.318 0.305 0.289 0.282 0.279 0.280 0.281 0.283 0.285
        0.000 0.000 0.000 0.000 0.000 0.000 0.000 0.000 0.000 0.000 0.000
448 68.458 16.148
        1.018 0.305 0.255 0.261 0.267 0.271 0.274 0.276 0.277 0.278 0.279
        0.000 0.000 0.000 0.000 0.000 0.000 0.000 0.000 0.000 0.000 0.000
449 56.207 27.160
        1.078 0.176 0.208 0.230 0.249 0.262 0.270 0.276 0.281 0.284 0.287
        0.000 0.000 0.000 0.000 0.000 0.000 0.000 0.000 0.000 0.000 0.000
450 62.210 23.503
        0.366 0.363 0.356 0.348 0.341 0.334 0.328 0.322 0.317 0.312 0.621
        0.000 0.000 0.000 0.000 0.000 0.000 0.000 0.000 0.000 0.000 0.000
451 52.387 22.259
        0.291 0.272 0.243 0.221 0.203 0.188 0.176 0.166 0.158 0.151 0.231
        0.000 0.000 0.000 0.000 0.000 0.000 0.000 0.000 0.000 0.000 0.000
452 60.382 25.126
        0.761 0.530 0.412 0.353 0.323 0.308 0.301 0.297 0.296 0.295 0.294
        0.000 0.000 0.000 0.000 0.000 0.000 0.000 0.000 0.000 0.000 0.000
453 62.183 20.206
        1.149 0.373 0.295 0.289 0.289 0.290 0.290 0.290 0.290 0.290 0.290
        0.000 0.000 0.000 0.000 0.000 0.000 0.000 0.000 0.000 0.000 0.000
454 60.273 22.454
        1.233 0.266 0.277 0.281 0.284 0.285 0.286 0.287 0.287 0.287 0.288
        0.000 0.000 0.000 0.000 0.000 0.000 0.000 0.000 0.000 0.000 0.000
455 66.685 13.784
        0.334 0.336 0.322 0.312 0.303 0.295 0.288 0.282 0.276 0.271 0.581
        0.000 0.000 0.000 0.000 0.000 0.000 0.000 0.000 0.000 0.000 0.000
456 62.210 21.517
        0.378 0.377 0.364 0.349 0.335 0.323 0.313 0.304 0.297 0.291 0.372
        0.000 0.000 0.000 0.000 0.000 0.000 0.000 0.000 0.000 0.000 0.000
457 54.106 21.532
        0.719 0.511 0.402 0.346 0.319 0.306 0.300 0.298 0.297 0.297 0.297
        0.000 0.000 0.000 0.000 0.000 0.000 0.000 0.000 0.000 0.000 0.000
458 65.866 16.974
        1.103 0.376 0.323 0.327 0.332 0.436 0.439 0.441 0.442 0.443 0.444
        0.000 0.000 0.000 0.000 0.000 0.000 0.000 0.000 0.000 0.000 0.000
459 60.709 19.350
        1.225 0.293 0.310 0.318 0.322 0.324 0.325 0.326 0.327 0.327 0.328
        0.000 0.000 0.000 0.000 0.000 0.000 0.000 0.000 0.000 0.000 0.000
460 54.106 18.288
        0.363 0.385 0.376 0.368 0.361 0.355 0.349 0.344 0.339 0.335 0.646
        0.000 0.000 0.000 0.000 0.000 0.000 0.000 0.000 0.000 0.000 0.000
461 41.637 25.534
        0.211 0.220 0.217 0.209 0.201 0.193 0.186 0.180 0.174 0.170 0.252
        0.000 0.000 0.000 0.000 0.000 0.000 0.000 0.000 0.000 0.000 0.000
462 60.218 19.417
        0.622 0.456 0.364 0.317 0.295 0.286 0.282 0.282 0.282 0.284 0.285
        0.000 0.000 0.000 0.000 0.000 0.000 0.000 0.000 0.000 0.000 0.000
463 43.847 17.909
        0.877 0.187 0.146 0.158 0.168 0.175 0.179 0.182 0.183 0.185 0.186
        0.000 0.000 0.000 0.000 0.000 0.000 0.000 0.000 0.000 0.000 0.000
464 60.246 16.158
        1.147 0.239 0.269 0.282 0.289 0.293 0.295 0.297 0.298 0.299 0.300
        0.000 0.000 0.000 0.000 0.000 0.000 0.000 0.000 0.000 0.000 0.000
465 60.764 21.389
        0.320 0.322 0.316 0.309 0.302 0.296 0.290 0.285 0.280 0.275 0.585
        0.000 0.000 0.000 0.000 0.000 0.000 0.000 0.000 0.000 0.000 0.000
466 65.075 26.990
        0.483 0.451 0.421 0.397 0.377 0.362 0.349 0.339 0.330 0.324 0.404
        0.000 0.000 0.000 0.000 0.000 0.000 0.000 0.000 0.000 0.000 0.000
467 63.001 19.681
        0.751 0.516 0.396 0.337 0.307 0.293 0.286 0.283 0.281 0.281 0.281
        0.000 0.000 0.000 0.000 0.000 0.000 0.000 0.000 0.000 0.000 0.000
468 66.576 13.696
        1.173 0.389 0.317 0.313 0.315 0.316 0.317 0.317 0.317 0.317 0.317
        0.000 0.000 0.000 0.000 0.000 0.000 0.000 0.000 0.000 0.000 0.000
469 59.263 24.202
        1.257 0.292 0.300 0.303 0.305 0.306 0.306 0.306 0.306 0.306 0.306
        0.000 0.000 0.000 0.000 0.000 0.000 0.000 0.000 0.000 0.000 0.000
470 57.653 19.936
        0.301 0.297 0.290 0.282 0.274 0.267 0.260 0.254 0.249 0.244 0.554
        0.000 0.000 0.000 0.000 0.000 0.000 0.000 0.000 0.000 0.000 0.000
471 52.633 16.350
        0.357 0.345 0.321 0.299 0.281 0.266 0.253 0.243 0.235 0.228 0.308
        0.000 0.000 0.000 0.000 0.000 0.000 0.000 0.000 0.000 0.000 0.000
472 53.670 24.233
        0.602 0.402 0.293 0.239 0.213 0.200 0.195 0.193 0.192 0.192 0.192
        0.000 0.000 0.000 0.000 0.000 0.000 0.000 0.000 0.000 0.000 0.000
473 61.446 20.504
        1.125 0.406 0.337 0.334 0.336 0.338 0.339 0.340 0.340 0.340 0.340
        0.000 0.000 0.000 0.000 0.000 0.000 0.000 0.000 0.000 0.000 0.000
474 60.082 20.961
        1.211 0.277 0.292 0.299 0.302 0.304 0.305 0.306 0.306 0.307 0.307
        0.000 0.000 0.000 0.000 0.000 0.000 0.000 0.000 0.000 0.000 0.000
475 30.396 17.006
        0.086 0.059 0.078 0.093 0.101 0.105 0.107 0.107 0.107 0.106 0.418
        0.000 0.000 0.000 0.000 0.000 0.000 0.000 0.000 0.000 0.000 0.000
476 48.295 24.233
        0.202 0.264 0.272 0.255 0.235 0.217 0.204 0.194 0.185 0.179 0.260
        0.000 0.000 0.000 0.000 0.000 0.000 0.000 0.000 0.000 0.000 0.000
477 50.259 15.664
        0.551 0.416 0.329 0.282 0.260 0.250 0.246 0.245 0.245 0.246 0.247
        0.000 0.000 0.000 0.000 0.000 0.000 0.000 0.000 0.000 0.000 0.000
478 49.222 24.529
        0.919 0.245 0.208 0.229 0.261 0.282 0.293 0.299 0.303 0.305 0.307
        0.000 0.000 0.000 0.000 0.000 0.000 0.000 0.000 0.000 0.000 0.000
479 35.798 21.696
        0.841 -0.001 0.065 0.103 0.125 0.139 0.149 0.156 0.161 0.164 0.166
        0.000 0.000 0.000 0.000 0.000 0.000 0.000 0.000 0.000 0.000 0.000
