720 43.183 30.877
        0.094 0.086 0.078 0.069 0.062 0.055 0.049 0.043 0.038 0.034 0.343
        0.000 0.000 0.000 0.000 0.000 0.000 0.000 0.000 0.000 0.000 0.000
721 34.606 14.871
        0.192 0.163 0.132 0.107 0.086 0.069 0.055 0.044 0.035 0.028 0.108
        0.000 0.000 0.000 0.000 0.000 0.000 0.000 0.000 0.000 0.000 0.000
722 53.328 17.907
        0.490 0.258 0.134 0.071 0.039 0.023 0.015 0.010 0.008 0.006 0.006
        0.000 0.000 0.000 0.000 0.000 0.000 0.000 0.000 0.000 0.000 0.000
723 54.349 19.153
        0.894 0.100 0.021 0.013 0.013 0.013 0.013 0.013 0.013 0.013 0.013
        0.000 0.000 0.000 0.000 0.000 0.000 0.000 0.000 0.000 0.000 0.000
724 37.017 16.270
        0.993 0.004 0.006 0.006 0.006 0.006 0.006 0.006 0.006 0.006 0.006
        0.000 0.000 0.000 0.000 0.000 0.000 0.000 0.000 0.000 0.000 0.000
725 35.585 26.217
        0.096 0.088 0.078 0.069 0.062 0.055 0.049 0.043 0.038 0.033 0.343
        0.000 0.000 0.000 0.000 0.000 0.000 0.000 0.000 0.000 0.000 0.000
726 40.390 22.705
        0.183 0.153 0.121 0.094 0.073 0.056 0.043 0.032 0.023 0.017 0.097
        0.000 0.000 0.000 0.000 0.000 0.000 0.000 0.000 0.000 0.000 0.000
727 54.539 4.125
        0.484 0.246 0.120 0.057 0.026 0.010 0.002 -0.002 0.000 -0.001 -0.001
        0.000 0.000 0.000 0.000 0.000 0.000 0.000 0.000 0.000 0.000 0.000
728 44.187 22.262
        0.890 0.098 0.019 0.012 0.012 0.012 0.012 0.012 0.012 0.012 0.012
        0.000 0.000 0.000 0.000 0.000 0.000 0.000 0.000 0.000 0.000 0.000
729 29.759 22.411
        0.991 0.007 0.009 0.009 0.009 0.010 0.010 0.009 0.009 0.009 0.009
        0.000 0.000 0.000 0.000 0.000 0.000 0.000 0.000 0.000 0.000 0.000
730 46.415 21.747
        0.081 0.073 0.067 0.060 0.052 0.046 0.040 0.035 0.030 0.026 0.335
        0.000 0.000 0.000 0.000 0.000 0.000 0.000 0.000 0.000 0.000 0.000
731 37.299 29.880
        0.180 0.143 0.112 0.087 0.067 0.050 0.037 0.027 0.018 0.011 0.092
        0.000 0.000 0.000 0.000 0.000 0.000 0.000 0.000 0.000 0.000 0.000
732 30.793 11.878
        0.482 0.241 0.120 0.058 0.027 0.011 0.003 -0.001 -0.003 -0.004 -0.004
        0.000 0.000 0.000 0.000 0.000 0.000 0.000 0.000 0.000 0.000 0.000
733 37.934 12.071
        0.887 0.087 0.011 0.002 0.003 0.003 0.008 0.008 0.009 0.009 0.009
        0.000 0.000 0.000 0.000 0.000 0.000 0.000 0.000 0.000 0.000 0.000
734 23.461 10.270
        0.987 0.005 0.008 0.009 0.009 0.009 0.009 0.009 0.009 0.009 0.009
        0.000 0.000 0.000 0.000 0.000 0.000 0.000 0.000 0.000 0.000 0.000
735 42.967 20.887
        0.091 0.082 0.073 0.065 0.057 0.050 0.044 0.038 0.033 0.029 0.338
        0.000 0.000 0.000 0.000 0.000 0.000 0.000 0.000 0.000 0.000 0.000
736 47.373 27.436
        0.190 0.153 0.121 0.095 0.075 0.058 0.045 0.034 0.026 0.019 0.099
        0.000 0.000 0.000 0.000 0.000 0.000 0.000 0.000 0.000 0.000 0.000
737 58.813 19.388
        0.491 0.250 0.127 0.065 0.034 0.018 0.010 0.006 0.003 0.002 0.001
        0.000 0.000 0.000 0.000 0.000 0.000 0.000 0.000 0.000 0.000 0.000
738 65.033 10.522
        0.898 0.099 0.020 0.013 0.013 0.013 0.013 0.012 0.012 0.012 0.012
        0.000 0.000 0.000 0.000 0.000 0.000 0.000 0.000 0.000 0.000 0.000
739 47.855 23.254
        0.997 0.010 0.012 0.012 0.012 0.012 0.012 0.012 0.012 0.012 0.012
        0.000 0.000 0.000 0.000 0.000 0.000 0.000 0.000 0.000 0.000 0.000
740 14.378 5.484
        0.088 0.076 0.066 0.058 0.051 0.045 0.039 0.034 0.029 0.025 0.335
        0.000 0.000 0.000 0.000 0.000 0.000 0.000 0.000 0.000 0.000 0.000
741 54.158 14.385
        0.184 0.151 0.120 0.095 0.074 0.058 0.044 0.034 0.025 0.018 0.099
        0.000 0.000 0.000 0.000 0.000 0.000 0.000 0.000 0.000 0.000 0.000
742 61.257 23.931
        0.491 0.259 0.136 0.074 0.043 0.027 0.019 0.015 0.013 0.012 0.012
        0.000 0.000 0.000 0.000 0.000 0.000 0.000 0.000 0.000 0.000 0.000
743 58.461 22.101
        0.893 0.097 0.019 0.011 0.010 0.010 0.010 0.009 0.009 0.009 0.009
        0.000 0.000 0.000 0.000 0.000 0.000 0.000 0.000 0.000 0.000 0.000
744 45.286 24.443
        0.991 0.008 0.008 0.008 0.008 0.008 0.008 0.008 0.008 0.008 0.008
        0.000 0.000 0.000 0.000 0.000 0.000 0.000 0.000 0.000 0.000 0.000
745 10.718 8.626
        0.081 0.072 0.063 0.056 0.049 0.043 0.037 0.032 0.027 0.022 0.332
        0.000 0.000 0.000 0.000 0.000 0.000 0.000 0.000 0.000 0.000 0.000
746 58.560 2.900
        0.181 0.142 0.111 0.085 0.065 0.049 0.035 0.025 0.017 0.010 0.090
        0.000 0.000 0.000 0.000 0.000 0.000 0.000 0.000 0.000 0.000 0.000
747 52.876 9.532
        0.485 0.244 0.124 0.063 0.032 0.016 0.009 0.005 0.003 0.001 0.001
        0.000 0.000 0.000 0.000 0.000 0.000 0.000 0.000 0.000 0.000 0.000
748 28.349 16.645
        0.887 0.091 0.012 0.010 0.010 0.011 0.011 0.011 0.011 0.011 0.012
        0.000 0.000 0.000 0.000 0.000 0.000 0.000 0.000 0.000 0.000 0.000
749 32.535 13.728
        0.987 -0.003 -0.002 -0.001 -0.002 -0.002 -0.003 -0.003 -0.003 -0.003 -0.003
        0.000 0.000 0.000 0.000 0.000 0.000 0.000 0.000 0.000 0.000 0.000
750 57.643 20.890
        0.099 0.095 0.084 0.076 0.068 0.062 0.056 0.051 0.046 0.041 0.351
        0.000 0.000 0.000 0.000 0.000 0.000 0.000 0.000 0.000 0.000 0.000
751 31.714 29.682
        0.184 0.148 0.116 0.090 0.070 0.054 0.040 0.030 0.022 0.015 0.095
        0.000 0.000 0.000 0.000 0.000 0.000 0.000 0.000 0.000 0.000 0.000
752 44.079 19.368
        0.490 0.250 0.126 0.064 0.033 0.017 0.009 0.005 0.003 0.002 0.002
        0.000 0.000 0.000 0.000 0.000 0.000 0.000 0.000 0.000 0.000 0.000
753 46.689 23.842
        0.896 0.100 0.027 0.020 0.019 0.019 0.019 0.019 0.019 0.019 0.019
        0.000 0.000 0.000 0.000 0.000 0.000 0.000 0.000 0.000 0.000 0.000
754 56.046 17.556
        0.995 0.011 0.012 0.012 0.012 0.012 0.012 0.012 0.012 0.012 0.012
        0.000 0.000 0.000 0.000 0.000 0.000 0.000 0.000 0.000 0.000 0.000
755 29.021 17.121
        0.085 0.081 0.072 0.064 0.056 0.050 0.044 0.038 0.033 0.029 0.339
        0.000 0.000 0.000 0.000 0.000 0.000 0.000 0.000 0.000 0.000 0.000
756 34.768 23.824
        0.190 0.159 0.127 0.100 0.079 0.062 0.049 0.038 0.029 0.022 0.103
        0.000 0.000 0.000 0.000 0.000 0.000 0.000 0.000 0.000 0.000 0.000
757 66.797 14.037
        0.487 0.258 0.135 0.073 0.042 0.027 0.019 0.015 0.013 0.012 0.012
        0.000 0.000 0.000 0.000 0.000 0.000 0.000 0.000 0.000 0.000 0.000
758 42.552 17.679
        0.892 0.101 0.021 0.014 0.013 0.013 0.013 0.013 0.013 0.013 0.013
        0.000 0.000 0.000 0.000 0.000 0.000 0.000 0.000 0.000 0.000 0.000
759 48.651 22.246
        0.991 0.019 0.020 0.020 0.020 0.020 0.020 0.020 0.020 0.020 0.020
        0.000 0.000 0.000 0.000 0.000 0.000 0.000 0.000 0.000 0.000 0.000
760 49.988 16.051
        0.085 0.080 0.072 0.063 0.056 0.049 0.043 0.038 0.033 0.028 0.338
        0.000 0.000 0.000 0.000 0.000 0.000 0.000 0.000 0.000 0.000 0.000
761 5.017 3.393
        0.183 0.146 0.114 0.089 0.068 0.052 0.039 0.029 0.020 0.013 0.094
        0.000 0.000 0.000 0.000 0.000 0.000 0.000 0.000 0.000 0.000 0.000
762 47.905 23.035
        0.483 0.248 0.124 0.062 0.030 0.015 0.007 0.002 0.000 -0.001 -0.001
        0.000 0.000 0.000 0.000 0.000 0.000 0.000 0.000 0.000 0.000 0.000
763 15.797 6.588
        0.887 0.086 0.006 -0.002 -0.003 -0.003 -0.003 -0.004 -0.004 -0.004 -0.004
        0.000 0.000 0.000 0.000 0.000 0.000 0.000 0.000 0.000 0.000 0.000
764 33.398 8.499
        0.987 -0.005 -0.000 0.014 0.016 0.017 0.017 0.017 0.017 0.017 0.017
        0.000 0.000 0.000 0.000 0.000 0.000 0.000 0.000 0.000 0.000 0.000
765 54.220 23.628
        0.099 0.090 0.081 0.073 0.065 0.059 0.052 0.047 0.041 0.037 0.346
        0.000 0.000 0.000 0.000 0.000 0.000 0.000 0.000 0.000 0.000 0.000
766 59.473 21.150
        0.198 0.166 0.134 0.108 0.087 0.070 0.057 0.046 0.037 0.030 0.106
        0.000 0.000 0.000 0.000 0.000 0.000 0.000 0.000 0.000 0.000 0.000
767 44.527 22.148
        0.491 0.245 0.120 0.057 0.030 0.014 0.006 0.002 -0.000 -0.002 -0.002
        0.000 0.000 0.000 0.000 0.000 0.000 0.000 0.000 0.000 0.000 0.000
768 57.394 23.447
        0.894 0.098 0.018 0.014 0.013 0.013 0.013 0.012 0.012 0.012 0.012
        0.000 0.000 0.000 0.000 0.000 0.000 0.000 0.000 0.000 0.000 0.000
769 57.203 14.807
        0.996 0.015 0.019 0.019 0.019 0.019 0.019 0.019 0.019 0.019 0.019
        0.000 0.000 0.000 0.000 0.000 0.000 0.000 0.000 0.000 0.000 0.000
770 15.062 4.759
        0.082 0.075 0.066 0.058 0.051 0.044 0.038 0.033 0.028 0.024 0.334
        0.000 0.000 0.000 0.000 0.000 0.000 0.000 0.000 0.000 0.000 0.000
771 52.971 20.922
        0.184 0.153 0.122 0.096 0.075 0.059 0.045 0.035 0.026 0.019 0.099
        0.000 0.000 0.000 0.000 0.000 0.000 0.000 0.000 0.000 0.000 0.000
772 49.465 26.782
        0.489 0.244 0.119 0.055 0.024 0.008 -0.000 -0.004 -0.006 -0.007 -0.007
        0.000 0.000 0.000 0.000 0.000 0.000 0.000 0.000 0.000 0.000 0.000
773 43.095 21.166
        0.890 0.097 0.018 0.010 0.009 0.009 0.009 0.009 0.009 0.009 0.009
        0.000 0.000 0.000 0.000 0.000 0.000 0.000 0.000 0.000 0.000 0.000
774 54.062 13.863
        0.991 0.011 0.012 0.013 0.013 0.013 0.013 0.013 0.013 0.013 0.013
        0.000 0.000 0.000 0.000 0.000 0.000 0.000 0.000 0.000 0.000 0.000
775 17.452 0.181
        0.080 0.070 0.063 0.055 0.048 0.041 0.035 0.030 0.025 0.021 0.330
        0.000 0.000 0.000 0.000 0.000 0.000 0.000 0.000 0.000 0.000 0.000
776 35.751 22.388
        0.181 0.143 0.111 0.084 0.064 0.047 0.034 0.024 0.015 0.008 0.089
        0.000 0.000 0.000 0.000 0.000 0.000 0.000 0.000 0.000 0.000 0.000
777 32.668 17.960
        0.485 0.247 0.123 0.061 0.030 0.014 0.006 0.002 0.000 -0.001 -0.001
        0.000 0.000 0.000 0.000 0.000 0.000 0.000 0.000 0.000 0.000 0.000
778 56.477 15.696
        0.888 0.087 0.009 0.000 -0.001 -0.001 -0.002 -0.002 -0.003 -0.003 -0.003
        0.000 0.000 0.000 0.000 0.000 0.000 0.000 0.000 0.000 0.000 0.000
779 20.303 10.579
        0.987 0.002 0.004 0.004 0.004 0.003 0.003 0.003 0.003 0.003 0.002
        0.000 0.000 0.000 0.000 0.000 0.000 0.000 0.000 0.000 0.000 0.000
780 30.851 20.649
        0.026 0.015 0.002 -0.007 -0.015 -0.021 -0.027 -0.033 -0.038 -0.042 0.268
        0.000 0.000 0.000 0.000 0.000 0.000 0.000 0.000 0.000 0.000 0.000
781 41.456 18.433
        0.132 0.095 0.064 0.039 0.018 0.002 -0.012 -0.022 -0.031 -0.038 0.043
        0.000 0.000 0.000 0.000 0.000 0.000 0.000 0.000 0.000 0.000 0.000
782 32.461 6.824
        0.449 0.210 0.086 0.024 -0.008 -0.025 -0.034 -0.038 -0.040 -0.042 -0.042
        0.000 0.000 0.000 0.000 0.000 0.000 0.000 0.000 0.000 0.000 0.000
783 39.307 15.029
        0.841 0.042 -0.038 -0.039 -0.032 -0.032 -0.032 -0.032 -0.032 -0.032 -0.032
        0.000 0.000 0.000 0.000 0.000 0.000 0.000 0.000 0.000 0.000 0.000
784 44.614 22.031
        0.952 -0.014 -0.003 0.003 0.002 0.001 -0.002 -0.004 -0.006 -0.008 -0.010
        0.000 0.000 0.000 0.000 0.000 0.000 0.000 0.000 0.000 0.000 0.000
785 17.710 0.086
        0.023 0.012 0.001 -0.008 -0.015 -0.022 -0.028 -0.033 -0.038 -0.042 0.268
        0.000 0.000 0.000 0.000 0.000 0.000 0.000 0.000 0.000 0.000 0.000
786 41.108 19.661
        0.109 0.088 0.065 0.038 0.017 0.000 -0.013 -0.023 -0.031 -0.038 0.043
        0.000 0.000 0.000 0.000 0.000 0.000 0.000 0.000 0.000 0.000 0.000
787 36.577 19.960
        0.438 0.200 0.078 0.017 -0.015 -0.030 -0.038 -0.042 -0.045 -0.046 -0.046
        0.000 0.000 0.000 0.000 0.000 0.000 0.000 0.000 0.000 0.000 0.000
788 50.548 18.339
        0.852 0.054 -0.024 -0.032 -0.031 -0.031 -0.032 -0.032 -0.032 -0.032 -0.033
        0.000 0.000 0.000 0.000 0.000 0.000 0.000 0.000 0.000 0.000 0.000
789 11.452 3.370
        0.940 -0.051 -0.047 -0.045 -0.016 -0.007 -0.004 -0.005 -0.006 -0.008 -0.009
        0.000 0.000 0.000 0.000 0.000 0.000 0.000 0.000 0.000 0.000 0.000
790 14.199 7.102
        0.010 0.002 -0.006 -0.015 -0.018 -0.026 -0.033 -0.039 -0.045 -0.049 0.260
        0.000 0.000 0.000 0.000 0.000 0.000 0.000 0.000 0.000 0.000 0.000
791 8.577 7.306
        0.111 0.085 0.056 0.028 0.008 -0.008 -0.022 -0.032 -0.040 -0.047 0.034
        0.000 0.000 0.000 0.000 0.000 0.000 0.000 0.000 0.000 0.000 0.000
792 65.867 5.644
        0.437 0.204 0.084 0.022 -0.013 -0.029 -0.038 -0.042 -0.044 -0.046 -0.046
        0.000 0.000 0.000 0.000 0.000 0.000 0.000 0.000 0.000 0.000 0.000
793 34.776 4.343
        0.830 0.054 0.010 -0.005 -0.005 -0.007 -0.008 -0.008 -0.009 -0.010 -0.010
        0.000 0.000 0.000 0.000 0.000 0.000 0.000 0.000 0.000 0.000 0.000
794 41.382 18.055
        0.939 0.021 0.025 0.025 0.025 0.025 0.025 0.025 0.025 0.025 0.025
        0.000 0.000 0.000 0.000 0.000 0.000 0.000 0.000 0.000 0.000 0.000
795 37.390 21.669
        0.035 0.025 0.016 0.008 0.000 -0.007 -0.013 -0.018 -0.023 -0.028 0.282
        0.000 0.000 0.000 0.000 0.000 0.000 0.000 0.000 0.000 0.000 0.000
796 6.834 8.348
        0.109 0.102 0.073 0.048 0.028 0.011 -0.002 -0.012 -0.020 -0.027 0.054
        0.000 0.000 0.000 0.000 0.000 0.000 0.000 0.000 0.000 0.000 0.000
797 42.465 17.965
        0.435 0.196 0.074 0.012 -0.019 -0.035 -0.042 -0.047 -0.049 -0.050 -0.050
        0.000 0.000 0.000 0.000 0.000 0.000 0.000 0.000 0.000 0.000 0.000
798 47.842 9.755
        0.854 0.074 -0.007 -0.018 -0.020 -0.021 -0.022 -0.022 -0.023 -0.024 -0.024
        0.000 0.000 0.000 0.000 0.000 0.000 0.000 0.000 0.000 0.000 0.000
799 62.386 12.678
        0.949 -0.000 0.005 0.004 0.003 0.002 0.001 -0.000 -0.001 -0.002 -0.003
        0.000 0.000 0.000 0.000 0.000 0.000 0.000 0.000 0.000 0.000 0.000
800 10.386 8.455
        0.013 0.001 -0.009 -0.016 -0.024 -0.030 -0.036 -0.042 -0.046 -0.051 0.259
        0.000 0.000 0.000 0.000 0.000 0.000 0.000 0.000 0.000 0.000 0.000
801 10.419 7.203
        0.114 0.073 0.043 0.023 0.003 -0.013 -0.026 -0.037 -0.045 -0.052 0.029
        0.000 0.000 0.000 0.000 0.000 0.000 0.000 0.000 0.000 0.000 0.000
802 20.797 13.466
        0.424 0.189 0.069 0.007 -0.024 -0.039 -0.047 -0.051 -0.053 -0.054 -0.054
        0.000 0.000 0.000 0.000 0.000 0.000 0.000 0.000 0.000 0.000 0.000
803 53.988 16.553
        0.844 0.073 0.016 0.010 0.009 0.009 0.009 0.008 0.008 0.008 0.008
        0.000 0.000 0.000 0.000 0.000 0.000 0.000 0.000 0.000 0.000 0.000
804 26.398 11.745
        0.939 -0.012 -0.009 -0.010 -0.012 -0.013 -0.013 -0.013 -0.013 -0.014 -0.014
        0.000 0.000 0.000 0.000 0.000 0.000 0.000 0.000 0.000 0.000 0.000
805 57.178 0.582
        0.028 0.006 -0.008 -0.018 -0.026 -0.033 -0.038 -0.044 -0.049 -0.053 0.257
        0.000 0.000 0.000 0.000 0.000 0.000 0.000 0.000 0.000 0.000 0.000
806 47.946 20.126
        0.117 0.070 0.046 0.026 0.006 -0.010 -0.023 -0.033 -0.042 -0.048 0.032
        0.000 0.000 0.000 0.000 0.000 0.000 0.000 0.000 0.000 0.000 0.000
807 35.436 27.773
        0.429 0.184 0.072 0.019 -0.008 -0.022 -0.030 -0.034 -0.037 -0.038 -0.038
        0.000 0.000 0.000 0.000 0.000 0.000 0.000 0.000 0.000 0.000 0.000
808 55.747 9.102
        0.838 0.013 -0.014 -0.009 -0.004 -0.009 -0.012 -0.012 -0.012 -0.013 -0.013
        0.000 0.000 0.000 0.000 0.000 0.000 0.000 0.000 0.000 0.000 0.000
809 53.983 14.795
        0.939 0.005 0.020 0.025 0.026 0.026 0.026 0.025 0.025 0.024 0.024
        0.000 0.000 0.000 0.000 0.000 0.000 0.000 0.000 0.000 0.000 0.000
810 34.328 20.086
        0.023 0.026 0.023 0.018 0.011 0.005 -0.001 -0.007 -0.011 -0.016 0.294
        0.000 0.000 0.000 0.000 0.000 0.000 0.000 0.000 0.000 0.000 0.000
811 13.643 4.666
        0.114 0.090 0.065 0.039 0.019 0.002 -0.011 -0.021 -0.029 -0.036 0.044
        0.000 0.000 0.000 0.000 0.000 0.000 0.000 0.000 0.000 0.000 0.000
812 47.610 26.804
        0.442 0.206 0.084 0.022 -0.009 -0.025 -0.033 -0.037 -0.039 -0.040 -0.040
        0.000 0.000 0.000 0.000 0.000 0.000 0.000 0.000 0.000 0.000 0.000
813 54.216 18.269
        0.845 0.084 0.015 0.001 -0.000 -0.000 -0.001 -0.001 -0.002 -0.002 -0.003
        0.000 0.000 0.000 0.000 0.000 0.000 0.000 0.000 0.000 0.000 0.000
814 35.896 9.962
        0.940 -0.050 -0.051 -0.031 -0.032 -0.032 -0.032 -0.032 -0.032 -0.032 -0.032
        0.000 0.000 0.000 0.000 0.000 0.000 0.000 0.000 0.000 0.000 0.000
