0 5.813 7.323
        0.086 0.076 0.067 0.059 0.051 0.045 0.039 0.033 0.028 0.024 0.334
        0.000 0.000 0.000 0.000 0.000 0.000 0.000 0.000 0.000 0.000 0.000
1 14.220 4.460
        0.186 0.146 0.114 0.088 0.067 0.051 0.038 0.027 0.019 0.012 0.092
        0.000 0.000 0.000 0.000 0.000 0.000 0.000 0.000 0.000 0.000 0.000
2 51.429 0.884
        0.490 0.242 0.117 0.055 0.024 0.008 0.000 -0.004 -0.006 -0.007 -0.007
        0.000 0.000 0.000 0.000 0.000 0.000 0.000 0.000 0.000 0.000 0.000
3 0.394 0.788
        0.886 0.076 -0.005 -0.013 -0.014 -0.014 -0.014 -0.014 -0.015 -0.015 -0.015
        0.000 0.000 0.000 0.000 0.000 0.000 0.000 0.000 0.000 0.000 0.000
4 0.066 0.131
        0.984 -0.015 -0.016 -0.016 -0.016 -0.016 -0.016 -0.016 -0.016 -0.016 -0.016
        0.000 0.000 0.000 0.000 0.000 0.000 0.000 0.000 0.000 0.000 0.000
5 16.486 1.376
        0.085 0.075 0.066 0.058 0.051 0.044 0.038 0.033 0.028 0.023 0.333
        0.000 0.000 0.000 0.000 0.000 0.000 0.000 0.000 0.000 0.000 0.000
6 0.000 0.000
        0.184 0.144 0.112 0.086 0.066 0.049 0.036 0.026 0.017 0.010 0.091
        0.000 0.000 0.000 0.000 0.000 0.000 0.000 0.000 0.000 0.000 0.000
7 13.793 2.032
        0.488 0.240 0.116 0.054 0.023 0.007 -0.001 -0.005 -0.007 -0.008 -0.008
        0.000 0.000 0.000 0.000 0.000 0.000 0.000 0.000 0.000 0.000 0.000
8 10.082 0.662
        0.886 0.077 -0.003 -0.011 -0.012 -0.012 -0.012 -0.012 -0.012 -0.012 -0.012
        0.000 0.000 0.000 0.000 0.000 0.000 0.000 0.000 0.000 0.000 0.000
9 16.650 0.885
        0.982 -0.016 -0.016 -0.015 -0.015 -0.015 -0.015 -0.015 -0.015 -0.015 -0.015
        0.000 0.000 0.000 0.000 0.000 0.000 0.000 0.000 0.000 0.000 0.000
10 51.264 6.175
        0.097 0.086 0.077 0.069 0.061 0.055 0.049 0.043 0.038 0.034 0.344
        0.000 0.000 0.000 0.000 0.000 0.000 0.000 0.000 0.000 0.000 0.000
11 5.517 0.369
        0.183 0.143 0.111 0.086 0.065 0.049 0.036 0.025 0.017 0.010 0.091
        0.000 0.000 0.000 0.000 0.000 0.000 0.000 0.000 0.000 0.000 0.000
12 3.908 3.759
        0.487 0.239 0.114 0.052 0.021 0.005 -0.002 -0.006 -0.009 -0.010 -0.010
        0.000 0.000 0.000 0.000 0.000 0.000 0.000 0.000 0.000 0.000 0.000
13 17.274 0.480
        0.884 0.075 -0.004 -0.010 -0.010 -0.009 -0.008 -0.008 -0.008 -0.007 -0.007
        0.000 0.000 0.000 0.000 0.000 0.000 0.000 0.000 0.000 0.000 0.000
14 50.837 0.994
        0.982 -0.017 -0.017 -0.016 -0.016 -0.016 -0.016 -0.016 -0.016 -0.016 -0.016
        0.000 0.000 0.000 0.000 0.000 0.000 0.000 0.000 0.000 0.000 0.000
15 11.232 1.396
        0.100 0.090 0.081 0.073 0.065 0.058 0.052 0.047 0.042 0.038 0.348
        0.000 0.000 0.000 0.000 0.000 0.000 0.000 0.000 0.000 0.000 0.000
16 32.282 4.858
        0.203 0.165 0.132 0.107 0.086 0.070 0.057 0.046 0.037 0.031 0.111
        0.000 0.000 0.000 0.000 0.000 0.000 0.000 0.000 0.000 0.000 0.000
17 15.337 7.937
        0.497 0.248 0.123 0.060 0.029 0.013 0.006 0.001 -0.001 -0.002 -0.002
        0.000 0.000 0.000 0.000 0.000 0.000 0.000 0.000 0.000 0.000 0.000
18 17.406 15.821
        0.896 0.086 0.005 -0.004 -0.005 -0.005 -0.005 -0.005 -0.006 -0.006 -0.006
        0.000 0.000 0.000 0.000 0.000 0.000 0.000 0.000 0.000 0.000 0.000
19 18.358 1.410
        1.006 0.010 0.011 0.011 0.011 0.011 0.011 0.011 0.011 0.011 0.011
        0.000 0.000 0.000 0.000 0.000 0.000 0.000 0.000 0.000 0.000 0.000
20 18.588 15.693
        0.117 0.108 0.099 0.091 0.084 0.077 0.071 0.066 0.061 0.057 0.367
        0.000 0.000 0.000 0.000 0.000 0.000 0.000 0.000 0.000 0.000 0.000
21 14.122 9.815
        0.197 0.157 0.125 0.099 0.079 0.062 0.049 0.038 0.029 0.023 0.103
        0.000 0.000 0.000 0.000 0.000 0.000 0.000 0.000 0.000 0.000 0.000
22 34.548 12.907
        0.512 0.262 0.138 0.076 0.045 0.029 0.022 0.018 0.016 0.015 0.019
        0.000 0.000 0.000 0.000 0.000 0.000 0.000 0.000 0.000 0.000 0.000
23 16.847 0.670
        0.904 0.096 0.016 0.008 0.008 0.008 0.008 0.008 0.008 0.008 0.008
        0.000 0.000 0.000 0.000 0.000 0.000 0.000 0.000 0.000 0.000 0.000
24 14.187 7.669
        0.995 -0.000 0.001 0.002 0.002 0.003 0.003 0.003 0.003 0.003 0.003
        0.000 0.000 0.000 0.000 0.000 0.000 0.000 0.000 0.000 0.000 0.000
25 13.399 6.096
        0.099 0.090 0.082 0.074 0.067 0.060 0.054 0.049 0.044 0.040 0.350
        0.000 0.000 0.000 0.000 0.000 0.000 0.000 0.000 0.000 0.000 0.000
26 58.325 6.285
        0.188 0.149 0.118 0.092 0.072 0.056 0.043 0.032 0.024 0.017 0.098
        0.000 0.000 0.000 0.000 0.000 0.000 0.000 0.000 0.000 0.000 0.000
27 5.222 0.853
        0.489 0.242 0.117 0.055 0.024 0.009 0.001 -0.003 -0.005 -0.006 -0.006
        0.000 0.000 0.000 0.000 0.000 0.000 0.000 0.000 0.000 0.000 0.000
28 23.054 10.625
        0.902 0.106 0.027 0.020 0.019 0.019 0.019 0.019 0.019 0.019 0.019
        0.000 0.000 0.000 0.000 0.000 0.000 0.000 0.000 0.000 0.000 0.000
29 5.123 1.538
        0.985 -0.013 -0.012 -0.012 -0.011 -0.011 -0.011 -0.011 -0.011 -0.011 -0.011
        0.000 0.000 0.000 0.000 0.000 0.000 0.000 0.000 0.000 0.000 0.000
30 15.928 0.640
        0.087 0.077 0.067 0.059 0.052 0.045 0.039 0.033 0.029 0.024 0.334
        0.000 0.000 0.000 0.000 0.000 0.000 0.000 0.000 0.000 0.000 0.000
31 5.616 0.523
        0.186 0.145 0.113 0.087 0.066 0.050 0.036 0.026 0.017 0.011 0.091
        0.000 0.000 0.000 0.000 0.000 0.000 0.000 0.000 0.000 0.000 0.000
32 50.739 0.623
        0.486 0.237 0.112 0.050 0.018 0.003 -0.005 -0.009 -0.011 -0.012 -0.012
        0.000 0.000 0.000 0.000 0.000 0.000 0.000 0.000 0.000 0.000 0.000
33 17.340 3.935
        0.896 0.086 0.005 -0.003 -0.004 -0.004 -0.005 -0.005 -0.005 -0.005 -0.005
        0.000 0.000 0.000 0.000 0.000 0.000 0.000 0.000 0.000 0.000 0.000
34 7.455 2.528
        0.990 -0.008 -0.008 -0.008 -0.008 -0.008 -0.008 -0.008 -0.009 -0.009 -0.009
        0.000 0.000 0.000 0.000 0.000 0.000 0.000 0.000 0.000 0.000 0.000
35 5.649 0.448
        0.087 0.078 0.069 0.061 0.054 0.047 0.041 0.036 0.031 0.027 0.337
        0.000 0.000 0.000 0.000 0.000 0.000 0.000 0.000 0.000 0.000 0.000
36 1.215 1.218
        0.185 0.144 0.113 0.087 0.066 0.050 0.037 0.026 0.018 0.011 0.091
        0.000 0.000 0.000 0.000 0.000 0.000 0.000 0.000 0.000 0.000 0.000
37 16.979 0.423
        0.488 0.238 0.114 0.052 0.021 0.005 -0.003 -0.007 -0.009 -0.010 -0.010
        0.000 0.000 0.000 0.000 0.000 0.000 0.000 0.000 0.000 0.000 0.000
38 10.181 0.540
        0.885 0.075 -0.006 -0.013 -0.014 -0.014 -0.014 -0.014 -0.014 -0.014 -0.014
        0.000 0.000 0.000 0.000 0.000 0.000 0.000 0.000 0.000 0.000 0.000
39 2.989 2.243
        0.984 -0.016 -0.015 -0.015 -0.014 -0.014 -0.014 -0.014 -0.014 -0.014 -0.014
        0.000 0.000 0.000 0.000 0.000 0.000 0.000 0.000 0.000 0.000 0.000
40 6.010 0.525
        0.087 0.077 0.068 0.060 0.053 0.046 0.041 0.035 0.031 0.026 0.336
        0.000 0.000 0.000 0.000 0.000 0.000 0.000 0.000 0.000 0.000 0.000
41 0.000 0.000
        0.188 0.149 0.118 0.093 0.073 0.056 0.043 0.033 0.024 0.018 0.098
        0.000 0.000 0.000 0.000 0.000 0.000 0.000 0.000 0.000 0.000 0.000
42 17.373 0.925
        0.482 0.233 0.108 0.046 0.015 -0.000 -0.008 -0.012 -0.014 -0.015 -0.015
        0.000 0.000 0.000 0.000 0.000 0.000 0.000 0.000 0.000 0.000 0.000
43 16.683 0.593
        0.885 0.079 0.000 -0.006 -0.005 -0.005 -0.004 -0.003 -0.003 -0.002 -0.002
        0.000 0.000 0.000 0.000 0.000 0.000 0.000 0.000 0.000 0.000 0.000
44 13.005 13.000
        0.982 -0.018 -0.017 -0.017 -0.017 -0.017 -0.017 -0.017 -0.017 -0.017 -0.017
        0.000 0.000 0.000 0.000 0.000 0.000 0.000 0.000 0.000 0.000 0.000
45 17.241 1.461
        0.112 0.102 0.093 0.085 0.078 0.072 0.066 0.060 0.055 0.051 0.361
        0.000 0.000 0.000 0.000 0.000 0.000 0.000 0.000 0.000 0.000 0.000
46 29.622 17.848
        0.206 0.168 0.136 0.111 0.090 0.074 0.061 0.050 0.042 0.035 0.115
        0.000 0.000 0.000 0.000 0.000 0.000 0.000 0.000 0.000 0.000 0.000
47 17.931 2.293
        0.508 0.260 0.135 0.073 0.041 0.026 0.018 0.014 0.012 0.011 0.010
        0.000 0.000 0.000 0.000 0.000 0.000 0.000 0.000 0.000 0.000 0.000
48 26.864 17.089
        0.917 0.108 0.028 0.020 0.019 0.019 0.019 0.019 0.019 0.019 0.019
        0.000 0.000 0.000 0.000 0.000 0.000 0.000 0.000 0.000 0.000 0.000
49 17.504 2.711
        0.993 -0.006 -0.006 -0.006 -0.006 -0.006 -0.006 -0.006 -0.007 -0.007 -0.007
        0.000 0.000 0.000 0.000 0.000 0.000 0.000 0.000 0.000 0.000 0.000
50 10.903 5.711
        0.105 0.100 0.091 0.083 0.076 0.070 0.064 0.059 0.055 0.050 0.360
        0.000 0.000 0.000 0.000 0.000 0.000 0.000 0.000 0.000 0.000 0.000
51 41.215 24.899
        0.199 0.160 0.128 0.103 0.082 0.066 0.053 0.042 0.033 0.027 0.107
        0.000 0.000 0.000 0.000 0.000 0.000 0.000 0.000 0.000 0.000 0.000
52 54.943 4.160
        0.508 0.257 0.132 0.069 0.038 0.022 0.014 0.010 0.008 0.007 0.007
        0.000 0.000 0.000 0.000 0.000 0.000 0.000 0.000 0.000 0.000 0.000
53 18.883 2.154
        0.898 0.090 0.010 0.003 0.002 0.002 0.002 0.002 0.002 0.002 0.002
        0.000 0.000 0.000 0.000 0.000 0.000 0.000 0.000 0.000 0.000 0.000
54 2.365 4.729
        0.989 -0.009 -0.009 -0.009 -0.009 -0.009 -0.009 -0.009 -0.009 -0.009 -0.009
        0.000 0.000 0.000 0.000 0.000 0.000 0.000 0.000 0.000 0.000 0.000
55 20.099 4.583
        0.102 0.091 0.082 0.074 0.066 0.059 0.053 0.048 0.043 0.039 0.349
        0.000 0.000 0.000 0.000 0.000 0.000 0.000 0.000 0.000 0.000 0.000
56 5.452 4.505
        0.188 0.148 0.116 0.091 0.070 0.054 0.041 0.030 0.022 0.015 0.095
        0.000 0.000 0.000 0.000 0.000 0.000 0.000 0.000 0.000 0.000 0.000
57 18.916 3.235
        0.483 0.236 0.113 0.053 0.023 0.008 0.001 -0.002 -0.004 -0.004 -0.004
        0.000 0.000 0.000 0.000 0.000 0.000 0.000 0.000 0.000 0.000 0.000
58 16.420 0.632
        0.887 0.083 0.004 -0.003 -0.003 -0.002 -0.002 -0.002 -0.001 -0.001 -0.001
        0.000 0.000 0.000 0.000 0.000 0.000 0.000 0.000 0.000 0.000 0.000
59 24.729 7.992
        1.000 0.003 0.004 0.004 0.005 0.005 0.005 0.005 0.005 0.006 0.006
        0.000 0.000 0.000 0.000 0.000 0.000 0.000 0.000 0.000 0.000 0.000
60 69.852 25.598
        0.163 0.156 0.146 0.138 0.131 0.124 0.118 0.113 0.108 0.104 0.414
        0.000 0.000 0.000 0.000 0.000 0.000 0.000 0.000 0.000 0.000 0.000
61 55.632 11.298
        0.246 0.205 0.172 0.147 0.126 0.110 0.097 0.086 0.077 0.071 0.151
        0.000 0.000 0.000 0.000 0.000 0.000 0.000 0.000 0.000 0.000 0.000
62 41.544 25.099
        0.562 0.313 0.189 0.126 0.095 0.080 0.072 0.068 0.066 0.066 0.066
        0.000 0.000 0.000 0.000 0.000 0.000 0.000 0.000 0.000 0.000 0.000
63 40.230 19.630
        0.945 0.137 0.056 0.049 0.048 0.048 0.048 0.048 0.048 0.048 0.048
        0.000 0.000 0.000 0.000 0.000 0.000 0.000 0.000 0.000 0.000 0.000
64 40.427 19.954
        1.038 0.042 0.042 0.042 0.042 0.042 0.042 0.042 0.041 0.041 0.041
        0.000 0.000 0.000 0.000 0.000 0.000 0.000 0.000 0.000 0.000 0.000
65 46.667 21.776
        0.139 0.134 0.125 0.117 0.110 0.103 0.097 0.092 0.087 0.082 0.392
        0.000 0.000 0.000 0.000 0.000 0.000 0.000 0.000 0.000 0.000 0.000
66 76.716 12.161
        0.243 0.209 0.179 0.154 0.133 0.117 0.104 0.093 0.084 0.077 0.157
        0.000 0.000 0.000 0.000 0.000 0.000 0.000 0.000 0.000 0.000 0.000
67 63.744 19.224
        0.532 0.282 0.157 0.095 0.063 0.048 0.040 0.035 0.033 0.032 0.032
        0.000 0.000 0.000 0.000 0.000 0.000 0.000 0.000 0.000 0.000 0.000
68 61.445 7.623
        0.917 0.120 0.041 0.035 0.035 0.036 0.036 0.036 0.037 0.037 0.037
        0.000 0.000 0.000 0.000 0.000 0.000 0.000 0.000 0.000 0.000 0.000
69 62.791 16.438
        1.063 0.069 0.091 0.091 0.091 0.091 0.091 0.091 0.091 0.091 0.091
        0.000 0.000 0.000 0.000 0.000 0.000 0.000 0.000 0.000 0.000 0.000
70 38.358 24.917
        0.120 0.118 0.108 0.100 0.093 0.086 0.080 0.074 0.069 0.064 0.374
        0.000 0.000 0.000 0.000 0.000 0.000 0.000 0.000 0.000 0.000 0.000
71 44.631 23.315
        0.222 0.187 0.156 0.131 0.111 0.095 0.082 0.072 0.063 0.056 0.137
        0.000 0.000 0.000 0.000 0.000 0.000 0.000 0.000 0.000 0.000 0.000
72 44.532 23.133
        0.486 0.245 0.122 0.061 0.030 0.015 0.007 0.003 0.001 -0.000 -0.001
        0.000 0.000 0.000 0.000 0.000 0.000 0.000 0.000 0.000 0.000 0.000
73 53.530 23.443
        0.907 0.114 0.043 0.043 0.048 0.052 0.055 0.057 0.058 0.059 0.060
        0.000 0.000 0.000 0.000 0.000 0.000 0.000 0.000 0.000 0.000 0.000
74 53.333 30.549
        0.996 0.015 0.024 0.029 0.033 0.036 0.038 0.039 0.041 0.041 0.042
        0.000 0.000 0.000 0.000 0.000 0.000 0.000 0.000 0.000 0.000 0.000
75 56.158 25.540
        0.157 0.148 0.139 0.130 0.123 0.116 0.110 0.105 0.100 0.095 0.405
        0.000 0.000 0.000 0.000 0.000 0.000 0.000 0.000 0.000 0.000 0.000
76 73.662 28.627
        0.264 0.225 0.194 0.168 0.148 0.131 0.118 0.108 0.099 0.093 0.173
        0.000 0.000 0.000 0.000 0.000 0.000 0.000 0.000 0.000 0.000 0.000
77 66.470 26.441
        0.555 0.306 0.181 0.118 0.087 0.071 0.063 0.059 0.057 0.056 0.055
        0.000 0.000 0.000 0.000 0.000 0.000 0.000 0.000 0.000 0.000 0.000
78 65.057 14.331
        0.958 0.151 0.070 0.062 0.061 0.061 0.061 0.061 0.061 0.061 0.060
        0.000 0.000 0.000 0.000 0.000 0.000 0.000 0.000 0.000 0.000 0.000
79 60.066 24.717
        1.068 0.090 0.090 0.091 0.091 0.091 0.091 0.091 0.091 0.091 0.091
        0.000 0.000 0.000 0.000 0.000 0.000 0.000 0.000 0.000 0.000 0.000
80 69.524 24.815
        0.165 0.153 0.145 0.137 0.130 0.124 0.118 0.113 0.108 0.104 0.414
        0.000 0.000 0.000 0.000 0.000 0.000 0.000 0.000 0.000 0.000 0.000
81 69.097 31.939
        0.255 0.216 0.184 0.158 0.138 0.122 0.109 0.098 0.090 0.083 0.164
        0.000 0.000 0.000 0.000 0.000 0.000 0.000 0.000 0.000 0.000 0.000
82 50.411 27.811
        0.556 0.306 0.182 0.119 0.088 0.072 0.065 0.061 0.059 0.057 0.057
        0.000 0.000 0.000 0.000 0.000 0.000 0.000 0.000 0.000 0.000 0.000
83 61.412 23.196
        0.949 0.144 0.063 0.055 0.054 0.054 0.054 0.054 0.054 0.054 0.054
        0.000 0.000 0.000 0.000 0.000 0.000 0.000 0.000 0.000 0.000 0.000
84 63.612 18.125
        1.045 0.048 0.049 0.049 0.049 0.049 0.049 0.048 0.048 0.048 0.047
        0.000 0.000 0.000 0.000 0.000 0.000 0.000 0.000 0.000 0.000 0.000
85 43.612 28.449
        0.153 0.153 0.146 0.138 0.132 0.125 0.119 0.114 0.109 0.105 0.415
        0.000 0.000 0.000 0.000 0.000 0.000 0.000 0.000 0.000 0.000 0.000
86 62.397 22.468
        0.255 0.219 0.188 0.164 0.143 0.127 0.114 0.104 0.096 0.089 0.170
        0.000 0.000 0.000 0.000 0.000 0.000 0.000 0.000 0.000 0.000 0.000
87 44.368 23.431
        0.543 0.295 0.171 0.108 0.077 0.061 0.053 0.049 0.047 0.046 0.045
        0.000 0.000 0.000 0.000 0.000 0.000 0.000 0.000 0.000 0.000 0.000
88 44.401 25.771
        0.918 0.125 0.046 0.040 0.040 0.040 0.040 0.040 0.040 0.040 0.040
        0.000 0.000 0.000 0.000 0.000 0.000 0.000 0.000 0.000 0.000 0.000
89 43.054 15.780
        1.030 0.038 0.040 0.041 0.042 0.043 0.043 0.043 0.043 0.043 0.043
        0.000 0.000 0.000 0.000 0.000 0.000 0.000 0.000 0.000 0.000 0.000
90 61.905 10.566
        0.149 0.143 0.133 0.125 0.118 0.111 0.105 0.100 0.095 0.090 0.400
        0.000 0.000 0.000 0.000 0.000 0.000 0.000 0.000 0.000 0.000 0.000
91 47.422 10.724
        0.216 0.175 0.142 0.116 0.095 0.077 0.064 0.052 0.043 0.036 0.116
        0.000 0.000 0.000 0.000 0.000 0.000 0.000 0.000 0.000 0.000 0.000
92 54.056 27.484
        0.535 0.288 0.163 0.100 0.068 0.052 0.044 0.039 0.037 0.035 0.035
        0.000 0.000 0.000 0.000 0.000 0.000 0.000 0.000 0.000 0.000 0.000
93 33.498 12.969
        0.940 0.132 0.052 0.044 0.043 0.042 0.042 0.042 0.041 0.041 0.041
        0.000 0.000 0.000 0.000 0.000 0.000 0.000 0.000 0.000 0.000 0.000
94 53.498 30.641
        1.040 0.045 0.046 0.047 0.048 0.048 0.048 0.048 0.048 0.048 0.048
        0.000 0.000 0.000 0.000 0.000 0.000 0.000 0.000 0.000 0.000 0.000
95 40.427 30.564
        0.158 0.145 0.134 0.125 0.117 0.110 0.104 0.098 0.093 0.088 0.398
        0.000 0.000 0.000 0.000 0.000 0.000 0.000 0.000 0.000 0.000 0.000
96 64.401 20.926
        0.292 0.225 0.192 0.166 0.145 0.128 0.115 0.104 0.096 0.089 0.169
        0.000 0.000 0.000 0.000 0.000 0.000 0.000 0.000 0.000 0.000 0.000
97 60.296 23.344
        0.562 0.318 0.193 0.131 0.101 0.085 0.077 0.074 0.072 0.071 0.071
        0.000 0.000 0.000 0.000 0.000 0.000 0.000 0.000 0.000 0.000 0.000
98 27.422 13.442
        0.908 0.103 0.023 0.015 0.014 0.014 0.013 0.013 0.013 0.013 0.012
        0.000 0.000 0.000 0.000 0.000 0.000 0.000 0.000 0.000 0.000 0.000
99 49.031 29.608
        1.048 0.053 0.055 0.056 0.056 0.056 0.056 0.056 0.056 0.056 0.055
        0.000 0.000 0.000 0.000 0.000 0.000 0.000 0.000 0.000 0.000 0.000
100 32.545 28.957
        0.114 0.117 0.114 0.108 0.102 0.096 0.091 0.085 0.080 0.076 0.385
        0.000 0.000 0.000 0.000 0.000 0.000 0.000 0.000 0.000 0.000 0.000
101 49.721 27.267
        0.226 0.199 0.170 0.146 0.127 0.112 0.100 0.090 0.082 0.076 0.157
        0.000 0.000 0.000 0.000 0.000 0.000 0.000 0.000 0.000 0.000 0.000
102 44.565 25.325
        0.513 0.281 0.165 0.106 0.077 0.063 0.057 0.053 0.052 0.051 0.051
        0.000 0.000 0.000 0.000 0.000 0.000 0.000 0.000 0.000 0.000 0.000
103 35.468 21.428
        0.903 0.114 0.039 0.035 0.036 0.038 0.039 0.040 0.041 0.041 0.042
        0.000 0.000 0.000 0.000 0.000 0.000 0.000 0.000 0.000 0.000 0.000
104 40.887 17.807
        1.021 0.032 0.039 0.042 0.043 0.045 0.046 0.047 0.047 0.048 0.049
        0.000 0.000 0.000 0.000 0.000 0.000 0.000 0.000 0.000 0.000 0.000
105 64.466 29.979
        0.161 0.150 0.141 0.132 0.125 0.118 0.112 0.106 0.101 0.097 0.407
        0.000 0.000 0.000 0.000 0.000 0.000 0.000 0.000 0.000 0.000 0.000
106 67.126 27.109
        0.265 0.226 0.194 0.169 0.148 0.132 0.118 0.108 0.099 0.092 0.173
        0.000 0.000 0.000 0.000 0.000 0.000 0.000 0.000 0.000 0.000 0.000
107 55.369 21.699
        0.563 0.313 0.189 0.126 0.095 0.079 0.071 0.067 0.065 0.064 0.064
        0.000 0.000 0.000 0.000 0.000 0.000 0.000 0.000 0.000 0.000 0.000
108 63.120 27.740
        0.953 0.144 0.063 0.055 0.054 0.054 0.054 0.054 0.053 0.053 0.053
        0.000 0.000 0.000 0.000 0.000 0.000 0.000 0.000 0.000 0.000 0.000
109 61.149 11.474
        1.054 0.056 0.056 0.056 0.056 0.056 0.056 0.056 0.056 0.055 0.055
        0.000 0.000 0.000 0.000 0.000 0.000 0.000 0.000 0.000 0.000 0.000
110 47.718 19.637
        0.165 0.154 0.145 0.137 0.130 0.123 0.117 0.112 0.107 0.102 0.412
        0.000 0.000 0.000 0.000 0.000 0.000 0.000 0.000 0.000 0.000 0.000
111 45.287 26.494
        0.246 0.210 0.177 0.152 0.131 0.114 0.101 0.090 0.082 0.075 0.155
        0.000 0.000 0.000 0.000 0.000 0.000 0.000 0.000 0.000 0.000 0.000
112 55.172 31.411
        0.551 0.301 0.177 0.114 0.083 0.067 0.059 0.055 0.053 0.052 0.051
        0.000 0.000 0.000 0.000 0.000 0.000 0.000 0.000 0.000 0.000 0.000
113 60.328 16.992
        0.963 0.154 0.074 0.067 0.066 0.066 0.066 0.066 0.066 0.066 0.066
        0.000 0.000 0.000 0.000 0.000 0.000 0.000 0.000 0.000 0.000 0.000
114 68.571 9.010
        1.053 0.054 0.056 0.057 0.057 0.057 0.057 0.057 0.057 0.057 0.057
        0.000 0.000 0.000 0.000 0.000 0.000 0.000 0.000 0.000 0.000 0.000
115 64.466 24.300
        0.149 0.153 0.145 0.137 0.130 0.124 0.118 0.113 0.108 0.104 0.413
        0.000 0.000 0.000 0.000 0.000 0.000 0.000 0.000 0.000 0.000 0.000
116 37.373 21.672
        0.254 0.218 0.187 0.162 0.142 0.126 0.114 0.103 0.095 0.089 0.169
        0.000 0.000 0.000 0.000 0.000 0.000 0.000 0.000 0.000 0.000 0.000
117 58.424 19.228
        0.547 0.298 0.175 0.113 0.083 0.067 0.060 0.056 0.054 0.053 0.053
        0.000 0.000 0.000 0.000 0.000 0.000 0.000 0.000 0.000 0.000 0.000
118 39.770 22.401
        0.943 0.139 0.058 0.051 0.050 0.050 0.050 0.050 0.050 0.050 0.049
        0.000 0.000 0.000 0.000 0.000 0.000 0.000 0.000 0.000 0.000 0.000
119 36.782 22.511
        1.053 0.059 0.060 0.061 0.062 0.062 0.063 0.063 0.063 0.063 0.063
        0.000 0.000 0.000 0.000 0.000 0.000 0.000 0.000 0.000 0.000 0.000
120 54.647 23.302
        0.213 0.206 0.195 0.187 0.179 0.171 0.165 0.159 0.154 0.149 0.458
        0.000 0.000 0.000 0.000 0.000 0.000 0.000 0.000 0.000 0.000 0.000
121 61.018 29.112
        0.336 0.293 0.261 0.235 0.215 0.198 0.185 0.175 0.166 0.160 0.240
        0.000 0.000 0.000 0.000 0.000 0.000 0.000 0.000 0.000 0.000 0.000
122 70.870 13.538
        0.626 0.374 0.249 0.186 0.155 0.139 0.131 0.127 0.125 0.124 0.124
        0.000 0.000 0.000 0.000 0.000 0.000 0.000 0.000 0.000 0.000 0.000
123 57.767 22.624
        1.003 0.199 0.119 0.112 0.111 0.111 0.111 0.111 0.110 0.110 0.110
        0.000 0.000 0.000 0.000 0.000 0.000 0.000 0.000 0.000 0.000 0.000
124 55.041 13.949
        1.101 0.105 0.105 0.105 0.105 0.104 0.104 0.103 0.103 0.103 0.102
        0.000 0.000 0.000 0.000 0.000 0.000 0.000 0.000 0.000 0.000 0.000
125 65.386 23.901
        0.209 0.199 0.188 0.179 0.171 0.164 0.157 0.151 0.146 0.141 0.450
        0.000 0.000 0.000 0.000 0.000 0.000 0.000 0.000 0.000 0.000 0.000
126 69.195 27.502
        0.327 0.293 0.262 0.236 0.216 0.200 0.187 0.176 0.168 0.161 0.242
        0.000 0.000 0.000 0.000 0.000 0.000 0.000 0.000 0.000 0.000 0.000
127 73.300 13.537
        0.599 0.354 0.231 0.169 0.137 0.122 0.114 0.110 0.107 0.106 0.106
        0.000 0.000 0.000 0.000 0.000 0.000 0.000 0.000 0.000 0.000 0.000
128 59.048 26.593
        1.021 0.214 0.135 0.128 0.127 0.127 0.127 0.127 0.127 0.127 0.127
        0.000 0.000 0.000 0.000 0.000 0.000 0.000 0.000 0.000 0.000 0.000
129 70.443 13.514
        1.119 0.126 0.129 0.130 0.131 0.131 0.131 0.131 0.132 0.132 0.132
        0.000 0.000 0.000 0.000 0.000 0.000 0.000 0.000 0.000 0.000 0.000
130 60.525 8.806
        0.153 0.149 0.142 0.135 0.128 0.121 0.115 0.110 0.105 0.101 0.410
        0.000 0.000 0.000 0.000 0.000 0.000 0.000 0.000 0.000 0.000 0.000
131 60.755 22.989
        0.284 0.250 0.220 0.196 0.176 0.160 0.147 0.136 0.128 0.121 0.201
        0.000 0.000 0.000 0.000 0.000 0.000 0.000 0.000 0.000 0.000 0.000
132 53.202 20.149
        0.558 0.337 0.218 0.161 0.133 0.120 0.114 0.112 0.110 0.110 0.110
        0.000 0.000 0.000 0.000 0.000 0.000 0.000 0.000 0.000 0.000 0.000
133 48.867 17.067
        0.953 0.163 0.093 0.091 0.094 0.096 0.098 0.099 0.100 0.101 0.102
        0.000 0.000 0.000 0.000 0.000 0.000 0.000 0.000 0.000 0.000 0.000
134 56.026 22.207
        1.061 0.086 0.096 0.102 0.106 0.109 0.111 0.112 0.113 0.114 0.115
        0.000 0.000 0.000 0.000 0.000 0.000 0.000 0.000 0.000 0.000 0.000
135 72.184 18.991
        0.235 0.223 0.214 0.206 0.199 0.192 0.186 0.181 0.176 0.172 0.482
        0.000 0.000 0.000 0.000 0.000 0.000 0.000 0.000 0.000 0.000 0.000
136 74.811 12.812
        0.332 0.290 0.257 0.231 0.209 0.193 0.179 0.168 0.159 0.152 0.233
        0.000 0.000 0.000 0.000 0.000 0.000 0.000 0.000 0.000 0.000 0.000
137 75.271 18.873
        0.622 0.371 0.247 0.184 0.153 0.137 0.129 0.125 0.122 0.121 0.121
        0.000 0.000 0.000 0.000 0.000 0.000 0.000 0.000 0.000 0.000 0.000
138 77.110 11.230
        1.027 0.218 0.138 0.130 0.129 0.129 0.129 0.129 0.128 0.128 0.128
        0.000 0.000 0.000 0.000 0.000 0.000 0.000 0.000 0.000 0.000 0.000
139 63.448 23.463
        1.134 0.135 0.135 0.135 0.135 0.135 0.135 0.134 0.134 0.134 0.134
        0.000 0.000 0.000 0.000 0.000 0.000 0.000 0.000 0.000 0.000 0.000
140 79.212 7.887
        0.226 0.217 0.207 0.198 0.190 0.184 0.177 0.172 0.167 0.162 0.472
        0.000 0.000 0.000 0.000 0.000 0.000 0.000 0.000 0.000 0.000 0.000
141 63.153 26.392
        0.323 0.282 0.251 0.225 0.204 0.188 0.175 0.164 0.155 0.149 0.229
        0.000 0.000 0.000 0.000 0.000 0.000 0.000 0.000 0.000 0.000 0.000
142 66.864 25.995
        0.626 0.378 0.253 0.191 0.159 0.144 0.136 0.132 0.130 0.129 0.129
        0.000 0.000 0.000 0.000 0.000 0.000 0.000 0.000 0.000 0.000 0.000
143 68.473 23.788
        1.019 0.217 0.138 0.131 0.131 0.131 0.132 0.132 0.132 0.132 0.132
        0.000 0.000 0.000 0.000 0.000 0.000 0.000 0.000 0.000 0.000 0.000
144 73.530 15.607
        1.124 0.129 0.129 0.130 0.130 0.130 0.130 0.130 0.130 0.130 0.130
        0.000 0.000 0.000 0.000 0.000 0.000 0.000 0.000 0.000 0.000 0.000
145 58.128 22.302
        0.232 0.223 0.214 0.206 0.199 0.192 0.186 0.181 0.176 0.172 0.481
        0.000 0.000 0.000 0.000 0.000 0.000 0.000 0.000 0.000 0.000 0.000
146 75.796 15.937
        0.332 0.335 0.262 0.237 0.256 0.240 0.227 0.216 0.208 0.201 0.281
        0.000 0.000 0.000 0.000 0.000 0.000 0.000 0.000 0.000 0.000 0.000
147 71.921 10.862
        0.622 0.377 0.252 0.189 0.158 0.142 0.133 0.129 0.126 0.125 0.124
        0.000 0.000 0.000 0.000 0.000 0.000 0.000 0.000 0.000 0.000 0.000
148 57.898 20.859
        1.000 0.211 0.132 0.125 0.125 0.125 0.125 0.125 0.125 0.125 0.124
        0.000 0.000 0.000 0.000 0.000 0.000 0.000 0.000 0.000 0.000 0.000
149 58.752 25.764
        1.080 0.093 0.097 0.099 0.100 0.101 0.101 0.102 0.102 0.102 0.102
        0.000 0.000 0.000 0.000 0.000 0.000 0.000 0.000 0.000 0.000 0.000
150 64.729 24.977
        0.179 0.173 0.162 0.153 0.145 0.138 0.131 0.125 0.120 0.115 0.424
        0.000 0.000 0.000 0.000 0.000 0.000 0.000 0.000 0.000 0.000 0.000
151 50.969 26.295
        0.273 0.235 0.202 0.176 0.154 0.137 0.123 0.111 0.102 0.094 0.174
        0.000 0.000 0.000 0.000 0.000 0.000 0.000 0.000 0.000 0.000 0.000
152 51.363 29.885
        0.594 0.346 0.221 0.158 0.127 0.111 0.102 0.098 0.096 0.094 0.094
        0.000 0.000 0.000 0.000 0.000 0.000 0.000 0.000 0.000 0.000 0.000
153 56.847 21.025
        1.014 0.210 0.129 0.122 0.121 0.121 0.120 0.120 0.120 0.120 0.120
        0.000 0.000 0.000 0.000 0.000 0.000 0.000 0.000 0.000 0.000 0.000
154 74.253 12.768
        1.128 0.132 0.133 0.133 0.134 0.134 0.134 0.134 0.134 0.134 0.135
        0.000 0.000 0.000 0.000 0.000 0.000 0.000 0.000 0.000 0.000 0.000
155 54.187 29.417
        0.195 0.185 0.177 0.169 0.161 0.155 0.148 0.143 0.137 0.133 0.442
        0.000 0.000 0.000 0.000 0.000 0.000 0.000 0.000 0.000 0.000 0.000
156 55.698 16.489
        0.297 0.260 0.227 0.202 0.181 0.165 0.152 0.141 0.132 0.125 0.205
        0.000 0.000 0.000 0.000 0.000 0.000 0.000 0.000 0.000 0.000 0.000
157 49.392 25.466
        0.580 0.332 0.208 0.146 0.115 0.099 0.091 0.087 0.085 0.084 0.083
        0.000 0.000 0.000 0.000 0.000 0.000 0.000 0.000 0.000 0.000 0.000
158 57.931 26.669
        0.991 0.192 0.115 0.108 0.109 0.109 0.109 0.109 0.109 0.108 0.108
        0.000 0.000 0.000 0.000 0.000 0.000 0.000 0.000 0.000 0.000 0.000
159 61.544 27.923
        1.103 0.114 0.116 0.117 0.118 0.118 0.118 0.118 0.118 0.118 0.118
        0.000 0.000 0.000 0.000 0.000 0.000 0.000 0.000 0.000 0.000 0.000
160 46.207 18.209
        0.206 0.200 0.191 0.184 0.178 0.173 0.168 0.163 0.159 0.156 0.466
        0.000 0.000 0.000 0.000 0.000 0.000 0.000 0.000 0.000 0.000 0.000
161 56.847 21.729
        0.251 0.275 0.256 0.236 0.220 0.206 0.195 0.187 0.180 0.175 0.257
        0.000 0.000 0.000 0.000 0.000 0.000 0.000 0.000 0.000 0.000 0.000
162 51.297 25.890
        0.549 0.323 0.210 0.153 0.125 0.112 0.107 0.104 0.104 0.104 0.105
        0.000 0.000 0.000 0.000 0.000 0.000 0.000 0.000 0.000 0.000 0.000
163 59.507 9.324
        1.000 0.225 0.190 0.185 0.185 0.186 0.186 0.187 0.187 0.187 0.187
        0.000 0.000 0.000 0.000 0.000 0.000 0.000 0.000 0.000 0.000 0.000
164 49.491 22.987
        1.025 0.063 0.072 0.076 0.079 0.080 0.081 0.081 0.081 0.081 0.081
        0.000 0.000 0.000 0.000 0.000 0.000 0.000 0.000 0.000 0.000 0.000
165 77.176 3.203
        0.227 0.217 0.207 0.199 0.192 0.184 0.178 0.172 0.167 0.162 0.471
        0.000 0.000 0.000 0.000 0.000 0.000 0.000 0.000 0.000 0.000 0.000
166 69.360 18.768
        0.335 0.295 0.263 0.238 0.258 0.241 0.228 0.218 0.209 0.203 0.283
        0.000 0.000 0.000 0.000 0.000 0.000 0.000 0.000 0.000 0.000 0.000
167 67.980 31.387
        0.615 0.368 0.243 0.180 0.148 0.132 0.124 0.120 0.118 0.116 0.116
        0.000 0.000 0.000 0.000 0.000 0.000 0.000 0.000 0.000 0.000 0.000
168 71.429 11.376
        1.022 0.213 0.133 0.125 0.125 0.125 0.125 0.125 0.125 0.125 0.125
        0.000 0.000 0.000 0.000 0.000 0.000 0.000 0.000 0.000 0.000 0.000
169 70.575 10.382
        1.111 0.117 0.117 0.118 0.117 0.117 0.117 0.117 0.116 0.116 0.116
        0.000 0.000 0.000 0.000 0.000 0.000 0.000 0.000 0.000 0.000 0.000
170 56.880 27.301
        0.222 0.204 0.194 0.184 0.176 0.169 0.162 0.156 0.151 0.146 0.455
        0.000 0.000 0.000 0.000 0.000 0.000 0.000 0.000 0.000 0.000 0.000
171 69.130 25.771
        0.334 0.294 0.263 0.238 0.217 0.201 0.188 0.178 0.169 0.163 0.243
        0.000 0.000 0.000 0.000 0.000 0.000 0.000 0.000 0.000 0.000 0.000
172 66.207 22.606
        0.625 0.386 0.302 0.240 0.209 0.194 0.186 0.182 0.179 0.178 0.178
        0.000 0.000 0.000 0.000 0.000 0.000 0.000 0.000 0.000 0.000 0.000
173 69.458 16.563
        1.029 0.266 0.185 0.178 0.177 0.177 0.177 0.177 0.177 0.177 0.177
        0.000 0.000 0.000 0.000 0.000 0.000 0.000 0.000 0.000 0.000 0.000
174 62.233 24.063
        1.116 0.120 0.122 0.123 0.123 0.123 0.124 0.124 0.124 0.124 0.124
        0.000 0.000 0.000 0.000 0.000 0.000 0.000 0.000 0.000 0.000 0.000
175 56.782 22.521
        0.221 0.208 0.203 0.196 0.190 0.184 0.178 0.173 0.168 0.164 0.473
        0.000 0.000 0.000 0.000 0.000 0.000 0.000 0.000 0.000 0.000 0.000
176 75.599 13.925
        0.315 0.277 0.245 0.220 0.201 0.185 0.172 0.162 0.154 0.148 0.229
        0.000 0.000 0.000 0.000 0.000 0.000 0.000 0.000 0.000 0.000 0.000
177 61.511 15.309
        0.586 0.351 0.232 0.173 0.143 0.129 0.122 0.119 0.117 0.116 0.116
        0.000 0.000 0.000 0.000 0.000 0.000 0.000 0.000 0.000 0.000 0.000
178 69.721 14.601
        0.987 0.188 0.112 0.106 0.107 0.108 0.109 0.110 0.111 0.111 0.111
        0.000 0.000 0.000 0.000 0.000 0.000 0.000 0.000 0.000 0.000 0.000
179 63.974 22.927
        1.093 0.121 0.127 0.130 0.159 0.151 0.149 0.149 0.149 0.149 0.149
        0.000 0.000 0.000 0.000 0.000 0.000 0.000 0.000 0.000 0.000 0.000
180 73.366 11.944
        0.377 0.378 0.368 0.356 0.340 0.291 0.246 0.222 0.206 0.195 0.500
        0.000 0.000 0.000 0.000 0.000 0.000 0.000 0.000 0.000 0.000 0.000
181 75.599 6.513
        0.484 0.456 0.427 0.403 0.383 0.367 0.353 0.342 0.333 0.326 0.405
        0.000 0.000 0.000 0.000 0.000 0.000 0.000 0.000 0.000 0.000 0.000
182 71.232 28.111
        0.790 0.565 0.446 0.386 0.357 0.342 0.335 0.331 0.330 0.329 0.329
        0.000 0.000 0.000 0.000 0.000 0.000 0.000 0.000 0.000 0.000 0.000
183 74.811 13.516
        1.209 0.425 0.346 0.337 0.331 0.321 0.310 0.303 0.299 0.298 0.297
        0.000 0.000 0.000 0.000 0.000 0.000 0.000 0.000 0.000 0.000 0.000
184 70.312 28.812
        1.317 0.336 0.338 0.338 0.338 0.338 0.338 0.338 0.338 0.338 0.338
        0.000 0.000 0.000 0.000 0.000 0.000 0.000 0.000 0.000 0.000 0.000
185 73.071 10.290
        0.368 0.367 0.357 0.349 0.340 0.332 0.324 0.317 0.311 0.305 0.613
        0.000 0.000 0.000 0.000 0.000 0.000 0.000 0.000 0.000 0.000 0.000
186 65.977 20.308
        0.460 0.442 0.414 0.371 0.232 0.184 0.163 0.149 0.138 0.129 0.208
        0.000 0.000 0.000 0.000 0.000 0.000 0.000 0.000 0.000 0.000 0.000
187 66.502 28.846
        0.731 0.552 0.437 0.378 0.349 0.336 0.330 0.327 0.326 0.325 0.326
        0.000 0.000 0.000 0.000 0.000 0.000 0.000 0.000 0.000 0.000 0.000
188 68.407 21.246
        1.174 0.400 0.326 0.316 0.284 0.237 0.213 0.203 0.198 0.197 0.196
        0.000 0.000 0.000 0.000 0.000 0.000 0.000 0.000 0.000 0.000 0.000
189 58.883 22.137
        1.263 0.315 0.324 0.319 0.260 0.219 0.204 0.199 0.194 0.191 0.191
        0.000 0.000 0.000 0.000 0.000 0.000 0.000 0.000 0.000 0.000 0.000
190 64.302 23.906
        0.240 0.278 0.294 0.285 0.158 0.117 0.103 0.095 0.089 0.083 0.393
        0.000 0.000 0.000 0.000 0.000 0.000 0.000 0.000 0.000 0.000 0.000
191 57.767 25.052
        0.317 0.352 0.349 0.321 0.283 0.256 0.235 0.218 0.203 0.190 0.265
        0.000 0.000 0.000 0.000 0.000 0.000 0.000 0.000 0.000 0.000 0.000
192 55.599 27.061
        0.657 0.501 0.390 0.333 0.303 0.272 0.232 0.219 0.214 0.213 0.212
        0.000 0.000 0.000 0.000 0.000 0.000 0.000 0.000 0.000 0.000 0.000
193 64.269 20.052
        1.044 0.410 0.346 0.344 0.346 0.347 0.348 0.348 0.348 0.348 0.348
        0.000 0.000 0.000 0.000 0.000 0.000 0.000 0.000 0.000 0.000 0.000
194 57.800 21.882
        1.131 0.246 0.252 0.214 0.207 0.204 0.203 0.202 0.202 0.201 0.200
        0.000 0.000 0.000 0.000 0.000 0.000 0.000 0.000 0.000 0.000 0.000
195 70.575 23.927
        0.403 0.398 0.390 0.374 0.313 0.275 0.260 0.251 0.243 0.237 0.545
        0.000 0.000 0.000 0.000 0.000 0.000 0.000 0.000 0.000 0.000 0.000
196 78.916 5.886
        0.507 0.482 0.454 0.416 0.295 0.260 0.241 0.228 0.219 0.211 0.291
        0.000 0.000 0.000 0.000 0.000 0.000 0.000 0.000 0.000 0.000 0.000
197 71.855 13.769
        0.750 0.553 0.441 0.385 0.345 0.276 0.219 0.189 0.175 0.166 0.160
        0.000 0.000 0.000 0.000 0.000 0.000 0.000 0.000 0.000 0.000 0.000
198 78.851 12.462
        1.175 0.398 0.323 0.315 0.315 0.315 0.315 0.314 0.314 0.314 0.313
        0.000 0.000 0.000 0.000 0.000 0.000 0.000 0.000 0.000 0.000 0.000
199 71.823 27.635
        1.262 0.309 0.316 0.299 0.268 0.262 0.259 0.258 0.258 0.257 0.257
        0.000 0.000 0.000 0.000 0.000 0.000 0.000 0.000 0.000 0.000 0.000
200 73.038 8.247
        0.343 0.355 0.354 0.345 0.330 0.317 0.307 0.298 0.290 0.283 0.591
        0.000 0.000 0.000 0.000 0.000 0.000 0.000 0.000 0.000 0.000 0.000
201 70.443 9.191
        0.421 0.409 0.386 0.367 0.221 0.184 0.165 0.150 0.138 0.128 0.205
        0.000 0.000 0.000 0.000 0.000 0.000 0.000 0.000 0.000 0.000 0.000
202 67.685 12.422
        0.771 0.544 0.427 0.346 0.231 0.196 0.145 0.129 0.124 0.121 0.120
        0.000 0.000 0.000 0.000 0.000 0.000 0.000 0.000 0.000 0.000 0.000
203 65.320 12.187
        1.087 0.324 0.259 0.221 0.140 0.046 0.031 0.029 0.028 0.027 0.027
        0.000 0.000 0.000 0.000 0.000 0.000 0.000 0.000 0.000 0.000 0.000
204 73.136 9.163
        1.192 0.290 0.307 0.312 0.313 0.297 0.240 0.214 0.209 0.207 0.206
        0.000 0.000 0.000 0.000 0.000 0.000 0.000 0.000 0.000 0.000 0.000
205 46.765 13.913
        0.286 0.278 0.270 0.225 0.163 0.069 -0.024 -0.065 -0.081 -0.090 0.216
        0.000 0.000 0.000 0.000 0.000 0.000 0.000 0.000 0.000 0.000 0.000
206 60.591 12.978
        0.341 0.384 0.335 0.212 0.080 0.038 0.017 0.005 -0.003 0.090 0.170
        0.000 0.000 0.000 0.000 0.000 0.000 0.000 0.000 0.000 0.000 0.000
207 56.749 25.569
        0.648 0.447 0.335 0.278 0.235 0.136 0.125 0.123 0.124 0.125 0.127
        0.000 0.000 0.000 0.000 0.000 0.000 0.000 0.000 0.000 0.000 0.000
208 52.775 20.508
        0.928 0.320 0.276 0.280 0.216 0.184 0.183 0.183 0.183 0.182 0.182
        0.000 0.000 0.000 0.000 0.000 0.000 0.000 0.000 0.000 0.000 0.000
209 62.003 21.489
        1.013 0.289 0.316 0.314 0.306 0.292 0.286 0.283 0.280 0.277 0.275
        0.000 0.000 0.000 0.000 0.000 0.000 0.000 0.000 0.000 0.000 0.000
210 78.916 8.740
        0.423 0.412 0.402 0.393 0.385 0.377 0.371 0.365 0.359 0.354 0.663
        0.000 0.000 0.000 0.000 0.000 0.000 0.000 0.000 0.000 0.000 0.000
211 69.885 14.458
        0.505 0.478 0.446 0.420 0.399 0.382 0.369 0.358 0.349 0.341 0.421
        0.000 0.000 0.000 0.000 0.000 0.000 0.000 0.000 0.000 0.000 0.000
212 63.678 28.559
        0.805 0.570 0.446 0.383 0.352 0.335 0.327 0.322 0.319 0.318 0.317
        0.000 0.000 0.000 0.000 0.000 0.000 0.000 0.000 0.000 0.000 0.000
213 62.890 23.782
        1.168 0.393 0.315 0.309 0.308 0.308 0.308 0.307 0.307 0.307 0.306
        0.000 0.000 0.000 0.000 0.000 0.000 0.000 0.000 0.000 0.000 0.000
214 64.171 25.623
        1.322 0.340 0.340 0.340 0.335 0.327 0.323 0.319 0.317 0.315 0.313
        0.000 0.000 0.000 0.000 0.000 0.000 0.000 0.000 0.000 0.000 0.000
215 65.714 18.889
        0.343 0.348 0.349 0.343 0.336 0.329 0.322 0.316 0.309 0.303 0.611
        0.000 0.000 0.000 0.000 0.000 0.000 0.000 0.000 0.000 0.000 0.000
216 69.064 25.990
        0.473 0.420 0.395 0.370 0.350 0.334 0.321 0.311 0.302 0.295 0.375
        0.000 0.000 0.000 0.000 0.000 0.000 0.000 0.000 0.000 0.000 0.000
217 61.806 21.724
        0.763 0.533 0.413 0.344 0.286 0.256 0.240 0.232 0.228 0.225 0.223
        0.000 0.000 0.000 0.000 0.000 0.000 0.000 0.000 0.000 0.000 0.000
218 69.130 17.186
        1.137 0.412 0.340 0.335 0.335 0.333 0.329 0.323 0.317 0.311 0.305
        0.000 0.000 0.000 0.000 0.000 0.000 0.000 0.000 0.000 0.000 0.000
219 64.401 26.381
        1.232 0.294 0.305 0.310 0.311 0.312 0.313 0.313 0.313 0.312 0.312
        0.000 0.000 0.000 0.000 0.000 0.000 0.000 0.000 0.000 0.000 0.000
220 62.627 12.249
        0.274 0.342 0.333 0.301 0.286 0.278 0.273 0.268 0.263 0.259 0.569
        0.000 0.000 0.000 0.000 0.000 0.000 0.000 0.000 0.000 0.000 0.000
221 51.297 30.343
        0.343 0.378 0.374 0.363 0.351 0.339 0.328 0.319 0.311 0.304 0.385
        0.000 0.000 0.000 0.000 0.000 0.000 0.000 0.000 0.000 0.000 0.000
222 47.553 22.298
        0.592 0.469 0.358 0.255 0.171 0.139 0.127 0.120 0.117 0.115 0.114
        0.000 0.000 0.000 0.000 0.000 0.000 0.000 0.000 0.000 0.000 0.000
223 41.675 29.690
        0.861 0.200 0.172 0.191 0.205 0.214 0.221 0.225 0.229 0.231 0.233
        0.000 0.000 0.000 0.000 0.000 0.000 0.000 0.000 0.000 0.000 0.000
224 66.273 13.438
        1.067 0.194 0.218 0.229 0.235 0.238 0.240 0.242 0.242 0.243 0.243
        0.000 0.000 0.000 0.000 0.000 0.000 0.000 0.000 0.000 0.000 0.000
225 80.788 13.696
        0.406 0.401 0.390 0.380 0.371 0.362 0.354 0.346 0.338 0.331 0.638
        0.000 0.000 0.000 0.000 0.000 0.000 0.000 0.000 0.000 0.000 0.000
226 64.631 20.653
        0.517 0.497 0.468 0.429 0.253 0.151 0.114 0.093 0.079 0.069 0.146
        0.000 0.000 0.000 0.000 0.000 0.000 0.000 0.000 0.000 0.000 0.000
227 63.547 23.968
        0.799 0.557 0.434 0.368 0.327 0.294 0.265 0.245 0.234 0.228 0.225
        0.000 0.000 0.000 0.000 0.000 0.000 0.000 0.000 0.000 0.000 0.000
228 68.309 15.216
        1.190 0.403 0.327 0.319 0.319 0.318 0.318 0.317 0.317 0.316 0.316
        0.000 0.000 0.000 0.000 0.000 0.000 0.000 0.000 0.000 0.000 0.000
229 65.386 21.914
        1.272 0.323 0.332 0.335 0.335 0.336 0.336 0.335 0.335 0.335 0.335
        0.000 0.000 0.000 0.000 0.000 0.000 0.000 0.000 0.000 0.000 0.000
230 70.246 7.878
        0.285 0.286 0.276 0.189 0.036 0.014 0.004 -0.003 -0.009 -0.015 0.294
        0.000 0.000 0.000 0.000 0.000 0.000 0.000 0.000 0.000 0.000 0.000
231 65.386 16.979
        0.457 0.453 0.429 0.399 0.362 0.326 0.296 0.272 0.254 0.240 0.314
        0.000 0.000 0.000 0.000 0.000 0.000 0.000 0.000 0.000 0.000 0.000
232 60.164 21.181
        0.722 0.532 0.403 0.321 0.260 0.234 0.222 0.217 0.214 0.212 0.212
        0.000 0.000 0.000 0.000 0.000 0.000 0.000 0.000 0.000 0.000 0.000
233 70.640 10.995
        1.147 0.374 0.271 0.219 0.201 0.160 0.139 0.131 0.128 0.127 0.126
        0.000 0.000 0.000 0.000 0.000 0.000 0.000 0.000 0.000 0.000 0.000
234 75.172 13.294
        1.250 0.322 0.330 0.333 0.335 0.335 0.336 0.336 0.336 0.336 0.336
        0.000 0.000 0.000 0.000 0.000 0.000 0.000 0.000 0.000 0.000 0.000
235 48.276 18.845
        0.251 0.256 0.278 0.205 0.141 0.071 -0.024 -0.059 -0.075 -0.087 0.217
        0.000 0.000 0.000 0.000 0.000 0.000 0.000 0.000 0.000 0.000 0.000
236 47.258 17.093
        0.263 0.322 0.327 0.320 0.295 0.182 0.149 0.125 0.110 0.100 0.178
        0.000 0.000 0.000 0.000 0.000 0.000 0.000 0.000 0.000 0.000 0.000
237 52.677 22.420
        0.488 0.394 0.385 0.353 0.310 0.115 0.048 0.023 0.015 0.013 0.013
        0.000 0.000 0.000 0.000 0.000 0.000 0.000 0.000 0.000 0.000 0.000
238 56.946 16.729
        1.009 0.321 0.269 0.280 0.287 0.290 0.291 0.291 0.291 0.290 0.289
        0.000 0.000 0.000 0.000 0.000 0.000 0.000 0.000 0.000 0.000 0.000
239 44.992 25.880
        1.013 0.142 0.181 0.199 0.214 0.228 0.241 0.251 0.258 0.264 0.268
        0.000 0.000 0.000 0.000 0.000 0.000 0.000 0.000 0.000 0.000 0.000
