1200 19.424 0.650
        1.000 2.000
        0.000 0.000
1201 22.709 4.005
        1.000 2.000
        0.000 0.000
1202 26.244 4.618
        1.000 2.000
        0.000 0.000
1203 29.395 4.842
        1.000 2.000
        0.000 0.000
1204 30.355 6.925
        1.000 2.000
        0.000 0.000
1205 30.989 7.356
        1.000 2.000
        0.000 0.000
1206 30.240 6.209
        1.000 2.000
        0.000 0.000
1207 29.568 5.053
        1.000 2.000
        0.000 0.000
1208 32.584 6.617
        1.000 2.000
        0.000 0.000
1209 34.621 7.093
        1.000 2.000
        0.000 0.000
1210 24.841 2.599
        1.000 2.000
        0.000 0.000
1211 24.188 2.734
        1.000 2.000
        0.000 0.000
1212 23.497 1.157
        1.000 2.000
        0.000 0.000
1213 25.187 2.439
        1.000 2.000
        0.000 0.000
1214 25.418 2.081
        1.000 2.000
        0.000 0.000
1215 24.553 2.280
        1.000 2.000
        0.000 0.000
1216 21.806 2.224
        1.000 2.000
        0.000 0.000
1217 24.054 3.084
        1.000 2.000
        0.000 0.000
1218 21.825 1.123
        1.000 2.000
        0.000 0.000
1219 20.615 1.300
        1.000 2.000
        0.000 0.000
1220 36.427 9.298
        1.000 2.000
        0.000 0.000
1221 32.661 7.889
        1.000 2.000
        0.000 0.000
1222 34.294 7.992
        1.000 2.000
        0.000 0.000
1223 32.277 6.718
        1.000 2.000
        0.000 0.000
1224 19.962 0.664
        1.000 2.000
        0.000 0.000
1225 19.789 0.523
        1.000 2.000
        0.000 0.000
1226 19.942 2.046
        1.000 2.000
        0.000 0.000
1227 20.768 2.537
        1.000 2.000
        0.000 0.000
1228 24.400 3.423
        1.000 2.000
        0.000 0.000
1229 23.958 2.908
        1.000 2.000
        0.000 0.000
1230 24.649 2.640
        1.000 2.000
        0.000 0.000
1231 26.763 3.236
        1.000 2.000
        0.000 0.000
1232 24.438 2.259
        1.000 2.000
        0.000 0.000
1233 28.165 2.091
        1.000 2.000
        0.000 0.000
1234 29.222 2.946
        1.000 2.000
        0.000 0.000
1235 28.761 3.332
        1.000 2.000
        0.000 0.000
1236 23.401 3.636
        1.000 2.000
        0.000 0.000
1237 33.045 3.930
        1.000 2.000
        0.000 0.000
1238 26.820 4.150
        1.000 2.000
        0.000 0.000
1239 31.047 4.929
        1.000 2.000
        0.000 0.000
1240 24.150 3.945
        1.000 2.000
        0.000 0.000
1241 25.917 3.510
        1.000 2.000
        0.000 0.000
1242 34.448 8.810
        1.000 2.000
        0.000 0.000
1243 38.386 8.510
        1.000 2.000
        0.000 0.000
1244 43.746 10.953
        1.000 2.000
        0.000 0.000
1245 44.380 9.062
        1.000 2.000
        0.000 0.000
1246 41.153 8.462
        1.000 2.000
        0.000 0.000
1247 39.520 8.849
        1.000 2.000
        0.000 0.000
1200 19.981 0.291
        1.000 2.000
        0.000 0.000
1201 28.953 7.732
        1.000 2.000
        0.000 0.000
0 18.391 9.697
        1.000 2.000
        0.000 0.000
0 42.463 16.007
        1.000 2.000
        0.000 0.000
0 50.969 10.503
        1.000 2.000
        0.000 0.000
0 11.067 8.243
        1.000 2.000
        0.000 0.000
0 14.778 6.521
        1.000 2.000
        0.000 0.000
