0 55.921 15.528
        0.112 0.098 0.090 0.082 0.074 0.068 0.061 0.056 0.051 0.046 0.355
        0.000 0.000 0.000 0.000 0.000 0.000 0.000 0.000 0.000 0.000 0.000
0 33.047 10.753
        0.099 0.084 0.075 0.067 0.060 0.053 0.047 0.042 0.037 0.032 0.342
        0.000 0.000 0.000 0.000 0.000 0.000 0.000 0.000 0.000 0.000 0.000
1 56.903 15.724
        0.203 0.165 0.135 0.110 0.089 0.073 0.060 0.049 0.040 0.033 0.113
        0.000 0.000 0.000 0.000 0.000 0.000 0.000 0.000 0.000 0.000 0.000
0 38.725 7.980
        0.112 0.098 0.086 0.075 0.067 0.060 0.054 0.048 0.044 0.039 0.349
        0.000 0.000 0.000 0.000 0.000 0.000 0.000 0.000 0.000 0.000 0.000
0 46.336 8.750
        0.107 0.098 0.089 0.082 0.074 0.068 0.061 0.056 0.051 0.046 0.356
        0.000 0.000 0.000 0.000 0.000 0.000 0.000 0.000 0.000 0.000 0.000
1 59.585 18.954
        0.199 0.161 0.128 0.102 0.081 0.064 0.050 0.039 0.031 0.024 0.104
        0.000 0.000 0.000 0.000 0.000 0.000 0.000 0.000 0.000 0.000 0.000
2 60.172 18.725
        0.499 0.257 0.133 0.071 0.040 0.024 0.016 0.012 0.010 0.009 0.008
        0.000 0.000 0.000 0.000 0.000 0.000 0.000 0.000 0.000 0.000 0.000
3 60.506 16.675
        0.901 0.101 0.022 0.014 0.013 0.013 0.013 0.013 0.013 0.013 0.013
        0.000 0.000 0.000 0.000 0.000 0.000 0.000 0.000 0.000 0.000 0.000
4 56.498 16.024
        0.998 0.011 0.011 0.012 0.012 0.012 0.012 0.012 0.012 0.012 0.012
        0.000 0.000 0.000 0.000 0.000 0.000 0.000 0.000 0.000 0.000 0.000
5 52.966 23.827
        0.102 0.095 0.086 0.077 0.069 0.062 0.055 0.049 0.044 0.039 0.348
        0.000 0.000 0.000 0.000 0.000 0.000 0.000 0.000 0.000 0.000 0.000
6 44.767 14.083
        0.184 0.157 0.130 0.106 0.086 0.069 0.056 0.046 0.037 0.031 0.111
        0.000 0.000 0.000 0.000 0.000 0.000 0.000 0.000 0.000 0.000 0.000
