480 72.745 13.331
        0.114 0.104 0.095 0.087 0.080 0.073 0.067 0.062 0.057 0.053 0.363
        0.000 0.000 0.000 0.000 0.000 0.000 0.000 0.000 0.000 0.000 0.000
481 48.015 0.358
        0.192 0.152 0.120 0.094 0.074 0.057 0.044 0.033 0.025 0.018 0.098
        0.000 0.000 0.000 0.000 0.000 0.000 0.000 0.000 0.000 0.000 0.000
482 68.203 11.562
        0.506 0.257 0.132 0.069 0.038 0.023 0.015 0.011 0.009 0.008 0.008
        0.000 0.000 0.000 0.000 0.000 0.000 0.000 0.000 0.000 0.000 0.000
483 46.636 5.628
        0.907 0.098 0.018 0.010 0.010 0.010 0.010 0.010 0.010 0.010 0.010
        0.000 0.000 0.000 0.000 0.000 0.000 0.000 0.000 0.000 0.000 0.000
484 6.418 8.393
        0.993 -0.006 -0.006 -0.006 -0.006 -0.006 -0.007 -0.007 -0.007 -0.007 -0.007
        0.000 0.000 0.000 0.000 0.000 0.000 0.000 0.000 0.000 0.000 0.000
485 8.294 12.609
        0.095 0.086 0.077 0.069 0.061 0.055 0.049 0.043 0.038 0.034 0.344
        0.000 0.000 0.000 0.000 0.000 0.000 0.000 0.000 0.000 0.000 0.000
486 50.023 3.647
        0.188 0.148 0.116 0.091 0.070 0.054 0.041 0.030 0.022 0.015 0.095
        0.000 0.000 0.000 0.000 0.000 0.000 0.000 0.000 0.000 0.000 0.000
487 47.006 1.565
        0.494 0.246 0.121 0.059 0.028 0.013 0.005 0.001 -0.001 -0.002 -0.002
        0.000 0.000 0.000 0.000 0.000 0.000 0.000 0.000 0.000 0.000 0.000
488 48.177 0.627
        0.889 0.080 -0.001 -0.008 -0.009 -0.009 -0.009 -0.009 -0.009 -0.009 -0.009
        0.000 0.000 0.000 0.000 0.000 0.000 0.000 0.000 0.000 0.000 0.000
489 47.909 0.127
        0.985 -0.014 -0.014 -0.014 -0.013 -0.013 -0.013 -0.013 -0.013 -0.013 -0.014
        0.000 0.000 0.000 0.000 0.000 0.000 0.000 0.000 0.000 0.000 0.000
490 54.869 9.985
        0.101 0.092 0.083 0.075 0.068 0.061 0.055 0.050 0.045 0.040 0.350
        0.000 0.000 0.000 0.000 0.000 0.000 0.000 0.000 0.000 0.000 0.000
491 50.134 0.405
        0.184 0.144 0.112 0.087 0.067 0.050 0.037 0.027 0.018 0.011 0.092
        0.000 0.000 0.000 0.000 0.000 0.000 0.000 0.000 0.000 0.000 0.000
492 48.046 0.494
        0.490 0.242 0.118 0.056 0.026 0.010 0.003 -0.001 -0.003 -0.004 -0.004
        0.000 0.000 0.000 0.000 0.000 0.000 0.000 0.000 0.000 0.000 0.000
493 50.702 4.610
        0.890 0.083 0.004 -0.003 -0.003 -0.002 -0.002 -0.002 -0.001 -0.001 -0.001
        0.000 0.000 0.000 0.000 0.000 0.000 0.000 0.000 0.000 0.000 0.000
494 61.526 12.402
        0.997 0.001 0.003 0.005 0.006 0.007 0.008 0.009 0.009 0.010 0.010
        0.000 0.000 0.000 0.000 0.000 0.000 0.000 0.000 0.000 0.000 0.000
495 31.873 35.192
        0.105 0.095 0.086 0.077 0.070 0.063 0.057 0.052 0.047 0.043 0.352
        0.000 0.000 0.000 0.000 0.000 0.000 0.000 0.000 0.000 0.000 0.000
496 50.307 3.584
        0.200 0.161 0.129 0.103 0.082 0.066 0.053 0.042 0.033 0.027 0.107
        0.000 0.000 0.000 0.000 0.000 0.000 0.000 0.000 0.000 0.000 0.000
497 65.607 8.939
        0.512 0.262 0.138 0.075 0.044 0.028 0.021 0.017 0.015 0.014 0.014
        0.000 0.000 0.000 0.000 0.000 0.000 0.000 0.000 0.000 0.000 0.000
498 58.028 9.660
        0.907 0.097 0.016 0.008 0.008 0.008 0.008 0.008 0.008 0.007 0.007
        0.000 0.000 0.000 0.000 0.000 0.000 0.000 0.000 0.000 0.000 0.000
499 28.568 27.327
        1.002 0.003 0.003 0.003 0.003 0.003 0.003 0.003 0.003 0.002 0.002
        0.000 0.000 0.000 0.000 0.000 0.000 0.000 0.000 0.000 0.000 0.000
500 37.060 28.380
        0.105 0.094 0.085 0.077 0.069 0.063 0.057 0.051 0.046 0.042 0.352
        0.000 0.000 0.000 0.000 0.000 0.000 0.000 0.000 0.000 0.000 0.000
501 66.890 8.894
        0.212 0.172 0.140 0.115 0.094 0.078 0.065 0.054 0.046 0.039 0.120
        0.000 0.000 0.000 0.000 0.000 0.000 0.000 0.000 0.000 0.000 0.000
502 41.612 17.670
        0.502 0.253 0.128 0.066 0.035 0.019 0.011 0.007 0.005 0.004 0.004
        0.000 0.000 0.000 0.000 0.000 0.000 0.000 0.000 0.000 0.000 0.000
503 66.905 10.467
        0.903 0.094 0.013 0.005 0.004 0.004 0.004 0.004 0.004 0.004 0.004
        0.000 0.000 0.000 0.000 0.000 0.000 0.000 0.000 0.000 0.000 0.000
504 49.212 27.567
        1.006 0.008 0.009 0.009 0.009 0.009 0.009 0.009 0.009 0.009 0.009
        0.000 0.000 0.000 0.000 0.000 0.000 0.000 0.000 0.000 0.000 0.000
505 44.634 35.116
        0.107 0.097 0.088 0.080 0.073 0.066 0.061 0.055 0.050 0.046 0.356
        0.000 0.000 0.000 0.000 0.000 0.000 0.000 0.000 0.000 0.000 0.000
506 35.316 20.636
        0.201 0.162 0.130 0.105 0.085 0.068 0.055 0.045 0.037 0.030 0.110
        0.000 0.000 0.000 0.000 0.000 0.000 0.000 0.000 0.000 0.000 0.000
507 64.892 8.632
        0.503 0.257 0.133 0.072 0.041 0.026 0.019 0.015 0.014 0.013 0.013
        0.000 0.000 0.000 0.000 0.000 0.000 0.000 0.000 0.000 0.000 0.000
508 57.744 10.388
        0.898 0.091 0.011 0.003 0.003 0.003 0.003 0.004 0.004 0.004 0.004
        0.000 0.000 0.000 0.000 0.000 0.000 0.000 0.000 0.000 0.000 0.000
509 43.169 25.252
        1.005 0.007 0.008 0.008 0.008 0.009 0.009 0.009 0.009 0.009 0.009
        0.000 0.000 0.000 0.000 0.000 0.000 0.000 0.000 0.000 0.000 0.000
510 45.029 4.772
        0.101 0.091 0.082 0.074 0.067 0.060 0.054 0.048 0.043 0.039 0.349
        0.000 0.000 0.000 0.000 0.000 0.000 0.000 0.000 0.000 0.000 0.000
511 48.127 0.217
        0.188 0.148 0.116 0.090 0.069 0.053 0.039 0.029 0.020 0.014 0.094
        0.000 0.000 0.000 0.000 0.000 0.000 0.000 0.000 0.000 0.000 0.000
512 60.892 12.071
        0.507 0.258 0.133 0.071 0.040 0.025 0.017 0.013 0.011 0.010 0.010
        0.000 0.000 0.000 0.000 0.000 0.000 0.000 0.000 0.000 0.000 0.000
513 60.299 12.009
        0.901 0.092 0.011 0.004 0.003 0.003 0.003 0.003 0.003 0.003 0.003
        0.000 0.000 0.000 0.000 0.000 0.000 0.000 0.000 0.000 0.000 0.000
514 63.290 10.215
        1.008 0.010 0.012 0.012 0.013 0.013 0.013 0.014 0.014 0.014 0.014
        0.000 0.000 0.000 0.000 0.000 0.000 0.000 0.000 0.000 0.000 0.000
515 64.167 14.095
        0.108 0.098 0.089 0.081 0.074 0.067 0.061 0.056 0.051 0.047 0.357
        0.000 0.000 0.000 0.000 0.000 0.000 0.000 0.000 0.000 0.000 0.000
516 55.883 9.049
        0.200 0.162 0.131 0.106 0.086 0.070 0.057 0.046 0.038 0.031 0.112
        0.000 0.000 0.000 0.000 0.000 0.000 0.000 0.000 0.000 0.000 0.000
517 45.972 1.780
        0.498 0.248 0.124 0.061 0.030 0.014 0.006 0.002 0.000 -0.001 -0.001
        0.000 0.000 0.000 0.000 0.000 0.000 0.000 0.000 0.000 0.000 0.000
518 48.289 0.304
        0.885 0.076 -0.005 -0.013 -0.013 -0.014 -0.014 -0.014 -0.014 -0.014 -0.014
        0.000 0.000 0.000 0.000 0.000 0.000 0.000 0.000 0.000 0.000 0.000
519 54.966 9.844
        0.990 -0.006 -0.003 -0.002 -0.000 0.001 0.001 0.002 0.002 0.003 0.003
        0.000 0.000 0.000 0.000 0.000 0.000 0.000 0.000 0.000 0.000 0.000
520 50.124 0.330
        0.095 0.085 0.076 0.069 0.061 0.055 0.049 0.044 0.039 0.034 0.344
        0.000 0.000 0.000 0.000 0.000 0.000 0.000 0.000 0.000 0.000 0.000
521 49.288 4.710
        0.201 0.162 0.130 0.105 0.085 0.069 0.056 0.045 0.037 0.030 0.111
        0.000 0.000 0.000 0.000 0.000 0.000 0.000 0.000 0.000 0.000 0.000
522 53.577 8.388
        0.493 0.245 0.122 0.061 0.030 0.015 0.008 0.004 0.003 0.002 0.002
        0.000 0.000 0.000 0.000 0.000 0.000 0.000 0.000 0.000 0.000 0.000
523 66.525 10.316
        0.888 0.081 0.001 -0.006 -0.006 -0.005 -0.005 -0.005 -0.005 -0.004 -0.004
        0.000 0.000 0.000 0.000 0.000 0.000 0.000 0.000 0.000 0.000 0.000
524 8.578 8.615
        0.983 -0.016 -0.016 -0.015 -0.015 -0.015 -0.015 -0.014 -0.014 -0.014 -0.014
        0.000 0.000 0.000 0.000 0.000 0.000 0.000 0.000 0.000 0.000 0.000
525 53.638 11.721
        0.112 0.101 0.093 0.085 0.077 0.071 0.065 0.059 0.055 0.050 0.360
        0.000 0.000 0.000 0.000 0.000 0.000 0.000 0.000 0.000 0.000 0.000
526 69.455 9.929
        0.207 0.167 0.135 0.110 0.089 0.073 0.060 0.049 0.041 0.034 0.114
        0.000 0.000 0.000 0.000 0.000 0.000 0.000 0.000 0.000 0.000 0.000
527 50.819 11.162
        0.511 0.261 0.137 0.074 0.043 0.027 0.020 0.016 0.014 0.013 0.013
        0.000 0.000 0.000 0.000 0.000 0.000 0.000 0.000 0.000 0.000 0.000
528 42.981 31.669
        0.906 0.096 0.016 0.008 0.007 0.007 0.007 0.007 0.007 0.007 0.007
        0.000 0.000 0.000 0.000 0.000 0.000 0.000 0.000 0.000 0.000 0.000
529 54.286 8.308
        1.000 0.001 0.001 0.001 0.001 0.001 0.001 0.001 0.001 0.001 0.000
        0.000 0.000 0.000 0.000 0.000 0.000 0.000 0.000 0.000 0.000 0.000
530 24.852 25.822
        0.103 0.094 0.085 0.077 0.069 0.063 0.057 0.051 0.046 0.042 0.352
        0.000 0.000 0.000 0.000 0.000 0.000 0.000 0.000 0.000 0.000 0.000
531 66.875 8.867
        0.212 0.172 0.140 0.115 0.094 0.078 0.065 0.054 0.046 0.039 0.119
        0.000 0.000 0.000 0.000 0.000 0.000 0.000 0.000 0.000 0.000 0.000
532 54.636 11.211
        0.508 0.259 0.134 0.072 0.042 0.026 0.019 0.015 0.013 0.012 0.013
        0.000 0.000 0.000 0.000 0.000 0.000 0.000 0.000 0.000 0.000 0.000
533 14.657 19.738
        0.894 0.085 0.004 -0.004 -0.004 -0.005 -0.005 -0.005 -0.005 -0.005 -0.005
        0.000 0.000 0.000 0.000 0.000 0.000 0.000 0.000 0.000 0.000 0.000
534 56.299 5.746
        1.007 0.010 0.011 0.012 0.012 0.013 0.013 0.013 0.013 0.013 0.013
        0.000 0.000 0.000 0.000 0.000 0.000 0.000 0.000 0.000 0.000 0.000
535 7.888 11.468
        0.096 0.087 0.079 0.071 0.064 0.057 0.051 0.046 0.041 0.037 0.346
        0.000 0.000 0.000 0.000 0.000 0.000 0.000 0.000 0.000 0.000 0.000
536 55.620 10.055
        0.208 0.170 0.138 0.113 0.093 0.077 0.064 0.053 0.045 0.039 0.119
        0.000 0.000 0.000 0.000 0.000 0.000 0.000 0.000 0.000 0.000 0.000
537 30.079 29.043
        0.498 0.249 0.125 0.064 0.033 0.017 0.010 0.006 0.004 0.003 0.003
        0.000 0.000 0.000 0.000 0.000 0.000 0.000 0.000 0.000 0.000 0.000
538 46.388 13.549
        0.905 0.097 0.016 0.009 0.008 0.008 0.008 0.008 0.008 0.008 0.008
        0.000 0.000 0.000 0.000 0.000 0.000 0.000 0.000 0.000 0.000 0.000
539 60.984 11.415
        1.013 0.014 0.014 0.014 0.014 0.018 0.018 0.018 0.018 0.018 0.018
        0.000 0.000 0.000 0.000 0.000 0.000 0.000 0.000 0.000 0.000 0.000
540 62.104 10.980
        0.144 0.134 0.125 0.116 0.109 0.102 0.095 0.090 0.084 0.080 0.389
        0.000 0.000 0.000 0.000 0.000 0.000 0.000 0.000 0.000 0.000 0.000
541 61.759 8.722
        0.245 0.205 0.173 0.147 0.126 0.110 0.096 0.086 0.077 0.070 0.150
        0.000 0.000 0.000 0.000 0.000 0.000 0.000 0.000 0.000 0.000 0.000
542 70.423 13.872
        0.560 0.310 0.185 0.122 0.091 0.075 0.067 0.063 0.061 0.060 0.060
        0.000 0.000 0.000 0.000 0.000 0.000 0.000 0.000 0.000 0.000 0.000
543 60.730 17.299
        0.947 0.138 0.057 0.049 0.048 0.048 0.047 0.047 0.047 0.047 0.046
        0.000 0.000 0.000 0.000 0.000 0.000 0.000 0.000 0.000 0.000 0.000
544 68.664 9.275
        1.060 0.061 0.061 0.060 0.060 0.060 0.060 0.060 0.060 0.059 0.059
        0.000 0.000 0.000 0.000 0.000 0.000 0.000 0.000 0.000 0.000 0.000
545 57.105 11.406
        0.150 0.140 0.131 0.123 0.116 0.109 0.103 0.097 0.092 0.088 0.397
        0.000 0.000 0.000 0.000 0.000 0.000 0.000 0.000 0.000 0.000 0.000
546 52.644 10.578
        0.252 0.214 0.182 0.156 0.136 0.119 0.106 0.095 0.087 0.080 0.160
        0.000 0.000 0.000 0.000 0.000 0.000 0.000 0.000 0.000 0.000 0.000
547 63.397 8.643
        0.553 0.304 0.180 0.118 0.086 0.071 0.063 0.059 0.057 0.056 0.055
        0.000 0.000 0.000 0.000 0.000 0.000 0.000 0.000 0.000 0.000 0.000
548 55.300 25.913
        0.950 0.141 0.061 0.053 0.052 0.052 0.052 0.052 0.052 0.052 0.052
        0.000 0.000 0.000 0.000 0.000 0.000 0.000 0.000 0.000 0.000 0.000
549 61.876 30.017
        1.042 0.045 0.046 0.046 0.046 0.046 0.046 0.046 0.046 0.045 0.045
        0.000 0.000 0.000 0.000 0.000 0.000 0.000 0.000 0.000 0.000 0.000
550 68.259 9.967
        0.169 0.158 0.149 0.141 0.133 0.127 0.121 0.116 0.111 0.106 0.416
        0.000 0.000 0.000 0.000 0.000 0.000 0.000 0.000 0.000 0.000 0.000
551 69.511 6.977
        0.255 0.212 0.180 0.155 0.134 0.118 0.105 0.094 0.086 0.079 0.160
        0.000 0.000 0.000 0.000 0.000 0.000 0.000 0.000 0.000 0.000 0.000
552 62.601 13.226
        0.524 0.278 0.155 0.094 0.064 0.048 0.041 0.037 0.035 0.034 0.034
        0.000 0.000 0.000 0.000 0.000 0.000 0.000 0.000 0.000 0.000 0.000
553 60.142 5.463
        0.930 0.130 0.053 0.049 0.051 0.054 0.057 0.059 0.060 0.062 0.063
        0.000 0.000 0.000 0.000 0.000 0.000 0.000 0.000 0.000 0.000 0.000
554 70.677 4.168
        1.041 0.050 0.054 0.057 0.060 0.062 0.063 0.064 0.065 0.066 0.066
        0.000 0.000 0.000 0.000 0.000 0.000 0.000 0.000 0.000 0.000 0.000
555 69.592 6.135
        0.167 0.157 0.148 0.140 0.133 0.126 0.120 0.115 0.110 0.106 0.416
        0.000 0.000 0.000 0.000 0.000 0.000 0.000 0.000 0.000 0.000 0.000
556 71.549 7.750
        0.265 0.225 0.193 0.167 0.147 0.131 0.117 0.107 0.098 0.092 0.172
        0.000 0.000 0.000 0.000 0.000 0.000 0.000 0.000 0.000 0.000 0.000
557 72.208 3.200
        0.564 0.314 0.189 0.126 0.095 0.079 0.071 0.067 0.065 0.064 0.064
        0.000 0.000 0.000 0.000 0.000 0.000 0.000 0.000 0.000 0.000 0.000
558 68.634 8.618
        0.957 0.147 0.066 0.058 0.057 0.057 0.057 0.057 0.057 0.057 0.057
        0.000 0.000 0.000 0.000 0.000 0.000 0.000 0.000 0.000 0.000 0.000
559 72.198 5.885
        1.067 0.067 0.067 0.067 0.067 0.067 0.067 0.067 0.067 0.067 0.067
        0.000 0.000 0.000 0.000 0.000 0.000 0.000 0.000 0.000 0.000 0.000
560 71.214 7.215
        0.168 0.158 0.149 0.141 0.133 0.127 0.121 0.115 0.111 0.106 0.416
        0.000 0.000 0.000 0.000 0.000 0.000 0.000 0.000 0.000 0.000 0.000
561 62.190 12.254
        0.268 0.228 0.196 0.170 0.150 0.133 0.120 0.110 0.101 0.095 0.175
        0.000 0.000 0.000 0.000 0.000 0.000 0.000 0.000 0.000 0.000 0.000
562 76.416 2.503
        0.566 0.316 0.191 0.129 0.097 0.082 0.074 0.070 0.068 0.067 0.067
        0.000 0.000 0.000 0.000 0.000 0.000 0.000 0.000 0.000 0.000 0.000
563 69.131 5.911
        0.955 0.146 0.066 0.058 0.057 0.057 0.058 0.058 0.057 0.057 0.057
        0.000 0.000 0.000 0.000 0.000 0.000 0.000 0.000 0.000 0.000 0.000
564 64.041 9.100
        1.065 0.065 0.066 0.066 0.066 0.066 0.066 0.066 0.066 0.066 0.066
        0.000 0.000 0.000 0.000 0.000 0.000 0.000 0.000 0.000 0.000 0.000
565 54.444 20.585
        0.159 0.151 0.142 0.134 0.127 0.120 0.114 0.109 0.104 0.100 0.410
        0.000 0.000 0.000 0.000 0.000 0.000 0.000 0.000 0.000 0.000 0.000
566 56.208 15.221
        0.259 0.219 0.187 0.162 0.141 0.125 0.111 0.101 0.092 0.085 0.166
        0.000 0.000 0.000 0.000 0.000 0.000 0.000 0.000 0.000 0.000 0.000
567 61.414 15.884
        0.559 0.311 0.186 0.124 0.093 0.076 0.061 0.050 0.045 0.044 0.043
        0.000 0.000 0.000 0.000 0.000 0.000 0.000 0.000 0.000 0.000 0.000
568 70.352 6.043
        0.961 0.154 0.074 0.067 0.066 0.067 0.067 0.067 0.067 0.067 0.067
        0.000 0.000 0.000 0.000 0.000 0.000 0.000 0.000 0.000 0.000 0.000
569 66.160 11.851
        1.051 0.056 0.057 0.058 0.058 0.059 0.059 0.059 0.059 0.059 0.059
        0.000 0.000 0.000 0.000 0.000 0.000 0.000 0.000 0.000 0.000 0.000
570 65.673 20.108
        0.155 0.145 0.136 0.128 0.120 0.114 0.108 0.102 0.097 0.093 0.403
        0.000 0.000 0.000 0.000 0.000 0.000 0.000 0.000 0.000 0.000 0.000
571 63.143 7.869
        0.246 0.206 0.174 0.148 0.127 0.111 0.097 0.086 0.078 0.071 0.151
        0.000 0.000 0.000 0.000 0.000 0.000 0.000 0.000 0.000 0.000 0.000
572 70.494 4.978
        0.559 0.310 0.185 0.122 0.091 0.075 0.068 0.064 0.061 0.060 0.060
        0.000 0.000 0.000 0.000 0.000 0.000 0.000 0.000 0.000 0.000 0.000
573 68.477 5.680
        0.956 0.148 0.068 0.060 0.059 0.059 0.059 0.059 0.059 0.059 0.058
        0.000 0.000 0.000 0.000 0.000 0.000 0.000 0.000 0.000 0.000 0.000
574 61.141 27.045
        1.048 0.050 0.051 0.051 0.052 0.052 0.052 0.052 0.052 0.051 0.051
        0.000 0.000 0.000 0.000 0.000 0.000 0.000 0.000 0.000 0.000 0.000
575 65.825 14.469
        0.155 0.146 0.137 0.129 0.121 0.115 0.108 0.103 0.098 0.093 0.403
        0.000 0.000 0.000 0.000 0.000 0.000 0.000 0.000 0.000 0.000 0.000
576 68.877 5.154
        0.289 0.249 0.217 0.192 0.171 0.155 0.142 0.131 0.123 0.116 0.197
        0.000 0.000 0.000 0.000 0.000 0.000 0.000 0.000 0.000 0.000 0.000
577 53.962 26.832
        0.532 0.286 0.162 0.100 0.070 0.054 0.047 0.043 0.041 0.039 0.039
        0.000 0.000 0.000 0.000 0.000 0.000 0.000 0.000 0.000 0.000 0.000
578 62.266 10.393
        0.964 0.155 0.075 0.067 0.066 0.066 0.066 0.066 0.066 0.066 0.066
        0.000 0.000 0.000 0.000 0.000 0.000 0.000 0.000 0.000 0.000 0.000
579 60.629 9.692
        1.013 0.019 0.020 0.021 0.021 0.021 0.021 0.021 0.020 0.020 0.020
        0.000 0.000 0.000 0.000 0.000 0.000 0.000 0.000 0.000 0.000 0.000
580 44.451 4.014
        0.151 0.142 0.134 0.126 0.118 0.112 0.106 0.100 0.095 0.091 0.400
        0.000 0.000 0.000 0.000 0.000 0.000 0.000 0.000 0.000 0.000 0.000
581 62.378 30.090
        0.234 0.194 0.164 0.138 0.118 0.102 0.089 0.078 0.070 0.063 0.143
        0.000 0.000 0.000 0.000 0.000 0.000 0.000 0.000 0.000 0.000 0.000
582 71.843 10.926
        0.536 0.294 0.174 0.115 0.087 0.073 0.067 0.064 0.063 0.063 0.063
        0.000 0.000 0.000 0.000 0.000 0.000 0.000 0.000 0.000 0.000 0.000
583 66.124 17.372
        0.931 0.130 0.051 0.045 0.046 0.047 0.047 0.048 0.048 0.048 0.049
        0.000 0.000 0.000 0.000 0.000 0.000 0.000 0.000 0.000 0.000 0.000
584 62.829 11.326
        1.042 0.051 0.053 0.055 0.056 0.057 0.058 0.058 0.058 0.058 0.058
        0.000 0.000 0.000 0.000 0.000 0.000 0.000 0.000 0.000 0.000 0.000
585 68.183 9.710
        0.168 0.158 0.149 0.141 0.134 0.127 0.121 0.116 0.111 0.107 0.417
        0.000 0.000 0.000 0.000 0.000 0.000 0.000 0.000 0.000 0.000 0.000
586 65.825 7.987
        0.262 0.222 0.190 0.164 0.144 0.127 0.114 0.103 0.095 0.088 0.168
        0.000 0.000 0.000 0.000 0.000 0.000 0.000 0.000 0.000 0.000 0.000
587 69.769 6.046
        0.555 0.307 0.182 0.119 0.088 0.072 0.064 0.060 0.058 0.057 0.057
        0.000 0.000 0.000 0.000 0.000 0.000 0.000 0.000 0.000 0.000 0.000
588 65.496 9.487
        0.952 0.143 0.062 0.054 0.053 0.053 0.053 0.052 0.052 0.052 0.052
        0.000 0.000 0.000 0.000 0.000 0.000 0.000 0.000 0.000 0.000 0.000
589 76.294 2.161
        1.066 0.067 0.068 0.068 0.068 0.068 0.068 0.068 0.068 0.068 0.068
        0.000 0.000 0.000 0.000 0.000 0.000 0.000 0.000 0.000 0.000 0.000
590 66.626 11.015
        0.166 0.155 0.146 0.138 0.131 0.124 0.118 0.113 0.108 0.104 0.414
        0.000 0.000 0.000 0.000 0.000 0.000 0.000 0.000 0.000 0.000 0.000
591 69.288 10.019
        0.265 0.226 0.194 0.169 0.148 0.132 0.119 0.108 0.100 0.093 0.174
        0.000 0.000 0.000 0.000 0.000 0.000 0.000 0.000 0.000 0.000 0.000
592 61.430 14.680
        0.554 0.305 0.180 0.118 0.087 0.072 0.064 0.060 0.058 0.057 0.057
        0.000 0.000 0.000 0.000 0.000 0.000 0.000 0.000 0.000 0.000 0.000
593 74.439 2.633
        0.962 0.153 0.073 0.065 0.064 0.065 0.065 0.065 0.065 0.065 0.065
        0.000 0.000 0.000 0.000 0.000 0.000 0.000 0.000 0.000 0.000 0.000
594 61.597 9.019
        1.059 0.061 0.062 0.062 0.063 0.063 0.063 0.063 0.063 0.063 0.063
        0.000 0.000 0.000 0.000 0.000 0.000 0.000 0.000 0.000 0.000 0.000
595 68.061 11.991
        0.162 0.154 0.145 0.138 0.131 0.124 0.118 0.113 0.109 0.104 0.414
        0.000 0.000 0.000 0.000 0.000 0.000 0.000 0.000 0.000 0.000 0.000
596 60.958 11.308
        0.264 0.222 0.191 0.166 0.145 0.129 0.116 0.105 0.097 0.090 0.170
        0.000 0.000 0.000 0.000 0.000 0.000 0.000 0.000 0.000 0.000 0.000
597 68.395 12.715
        0.560 0.313 0.190 0.128 0.097 0.082 0.075 0.071 0.069 0.068 0.068
        0.000 0.000 0.000 0.000 0.000 0.000 0.000 0.000 0.000 0.000 0.000
598 72.395 5.465
        0.957 0.150 0.071 0.064 0.063 0.064 0.064 0.064 0.064 0.064 0.064
        0.000 0.000 0.000 0.000 0.000 0.000 0.000 0.000 0.000 0.000 0.000
599 57.283 26.468
        1.053 0.062 0.065 0.067 0.068 0.069 0.089 0.090 0.090 0.090 0.090
        0.000 0.000 0.000 0.000 0.000 0.000 0.000 0.000 0.000 0.000 0.000
600 67.934 10.068
        0.230 0.221 0.212 0.204 0.197 0.191 0.185 0.179 0.175 0.170 0.480
        0.000 0.000 0.000 0.000 0.000 0.000 0.000 0.000 0.000 0.000 0.000
601 75.544 3.367
        0.338 0.298 0.266 0.241 0.220 0.204 0.190 0.180 0.171 0.165 0.245
        0.000 0.000 0.000 0.000 0.000 0.000 0.000 0.000 0.000 0.000 0.000
602 70.144 11.608
        0.634 0.384 0.260 0.197 0.166 0.150 0.143 0.139 0.137 0.136 0.136
        0.000 0.000 0.000 0.000 0.000 0.000 0.000 0.000 0.000 0.000 0.000
603 67.082 10.432
        1.020 0.212 0.131 0.123 0.122 0.121 0.121 0.121 0.120 0.120 0.120
        0.000 0.000 0.000 0.000 0.000 0.000 0.000 0.000 0.000 0.000 0.000
604 67.990 8.314
        1.104 0.106 0.106 0.105 0.105 0.105 0.104 0.104 0.103 0.103 0.102
        0.000 0.000 0.000 0.000 0.000 0.000 0.000 0.000 0.000 0.000 0.000
605 60.375 12.457
        0.234 0.224 0.215 0.207 0.200 0.193 0.187 0.182 0.177 0.173 0.483
        0.000 0.000 0.000 0.000 0.000 0.000 0.000 0.000 0.000 0.000 0.000
606 72.907 6.834
        0.337 0.296 0.264 0.238 0.218 0.201 0.188 0.178 0.169 0.162 0.243
        0.000 0.000 0.000 0.000 0.000 0.000 0.000 0.000 0.000 0.000 0.000
607 73.354 4.971
        0.627 0.379 0.254 0.192 0.161 0.146 0.138 0.134 0.132 0.131 0.131
        0.000 0.000 0.000 0.000 0.000 0.000 0.000 0.000 0.000 0.000 0.000
608 57.719 25.896
        1.026 0.219 0.139 0.131 0.131 0.131 0.131 0.131 0.131 0.131 0.131
        0.000 0.000 0.000 0.000 0.000 0.000 0.000 0.000 0.000 0.000 0.000
609 65.196 10.532
        1.121 0.127 0.129 0.130 0.131 0.131 0.131 0.131 0.131 0.131 0.131
        0.000 0.000 0.000 0.000 0.000 0.000 0.000 0.000 0.000 0.000 0.000
610 63.635 13.107
        0.214 0.205 0.196 0.189 0.181 0.175 0.169 0.163 0.159 0.154 0.464
        0.000 0.000 0.000 0.000 0.000 0.000 0.000 0.000 0.000 0.000 0.000
611 68.370 10.104
        0.319 0.285 0.256 0.232 0.213 0.197 0.184 0.174 0.166 0.159 0.240
        0.000 0.000 0.000 0.000 0.000 0.000 0.000 0.000 0.000 0.000 0.000
612 76.522 3.612
        0.585 0.340 0.218 0.157 0.126 0.111 0.104 0.100 0.099 0.098 0.098
        0.000 0.000 0.000 0.000 0.000 0.000 0.000 0.000 0.000 0.000 0.000
613 71.650 5.975
        0.979 0.193 0.119 0.116 0.119 0.122 0.124 0.125 0.126 0.127 0.128
        0.000 0.000 0.000 0.000 0.000 0.000 0.000 0.000 0.000 0.000 0.000
614 62.297 11.775
        1.091 0.104 0.108 0.111 0.112 0.113 0.114 0.114 0.114 0.114 0.114
        0.000 0.000 0.000 0.000 0.000 0.000 0.000 0.000 0.000 0.000 0.000
615 70.510 11.489
        0.231 0.220 0.211 0.203 0.196 0.189 0.183 0.178 0.173 0.169 0.478
        0.000 0.000 0.000 0.000 0.000 0.000 0.000 0.000 0.000 0.000 0.000
616 69.668 12.472
        0.330 0.291 0.261 0.236 0.215 0.199 0.186 0.176 0.168 0.161 0.241
        0.000 0.000 0.000 0.000 0.000 0.000 0.000 0.000 0.000 0.000 0.000
617 71.072 12.006
        0.633 0.385 0.260 0.198 0.167 0.151 0.144 0.140 0.138 0.137 0.137
        0.000 0.000 0.000 0.000 0.000 0.000 0.000 0.000 0.000 0.000 0.000
618 72.355 2.767
        1.028 0.224 0.144 0.136 0.136 0.135 0.135 0.135 0.135 0.135 0.135
        0.000 0.000 0.000 0.000 0.000 0.000 0.000 0.000 0.000 0.000 0.000
619 73.825 6.578
        1.127 0.134 0.135 0.135 0.135 0.135 0.136 0.176 0.176 0.175 0.175
        0.000 0.000 0.000 0.000 0.000 0.000 0.000 0.000 0.000 0.000 0.000
620 59.655 27.358
        0.228 0.217 0.208 0.200 0.193 0.186 0.180 0.175 0.170 0.166 0.476
        0.000 0.000 0.000 0.000 0.000 0.000 0.000 0.000 0.000 0.000 0.000
621 60.608 27.036
        0.324 0.286 0.255 0.230 0.210 0.194 0.181 0.170 0.162 0.155 0.235
        0.000 0.000 0.000 0.000 0.000 0.000 0.000 0.000 0.000 0.000 0.000
622 65.795 19.809
        0.626 0.381 0.258 0.196 0.165 0.148 0.140 0.134 0.131 0.129 0.127
        0.000 0.000 0.000 0.000 0.000 0.000 0.000 0.000 0.000 0.000 0.000
623 72.330 9.083
        1.019 0.222 0.143 0.136 0.136 0.136 0.136 0.136 0.136 0.136 0.136
        0.000 0.000 0.000 0.000 0.000 0.000 0.000 0.000 0.000 0.000 0.000
624 70.940 9.359
        1.118 0.127 0.129 0.129 0.129 0.129 0.129 0.129 0.129 0.129 0.129
        0.000 0.000 0.000 0.000 0.000 0.000 0.000 0.000 0.000 0.000 0.000
625 67.452 9.836
        0.224 0.216 0.208 0.201 0.194 0.187 0.181 0.176 0.171 0.167 0.477
        0.000 0.000 0.000 0.000 0.000 0.000 0.000 0.000 0.000 0.000 0.000
626 70.591 11.598
        0.318 0.284 0.254 0.228 0.207 0.189 0.175 0.163 0.154 0.147 0.226
        0.000 0.000 0.000 0.000 0.000 0.000 0.000 0.000 0.000 0.000 0.000
627 68.831 11.831
        0.586 0.358 0.243 0.184 0.154 0.140 0.133 0.129 0.128 0.127 0.127
        0.000 0.000 0.000 0.000 0.000 0.000 0.000 0.000 0.000 0.000 0.000
628 75.381 5.508
        0.994 0.215 0.139 0.132 0.131 0.129 0.125 0.121 0.118 0.116 0.115
        0.000 0.000 0.000 0.000 0.000 0.000 0.000 0.000 0.000 0.000 0.000
629 69.744 12.145
        1.084 0.127 0.130 0.130 0.130 0.129 0.127 0.126 0.124 0.122 0.121
        0.000 0.000 0.000 0.000 0.000 0.000 0.000 0.000 0.000 0.000 0.000
630 73.217 3.650
        0.231 0.220 0.211 0.202 0.195 0.188 0.182 0.176 0.171 0.167 0.477
        0.000 0.000 0.000 0.000 0.000 0.000 0.000 0.000 0.000 0.000 0.000
631 74.596 2.788
        0.309 0.270 0.237 0.211 0.190 0.173 0.160 0.149 0.140 0.133 0.213
        0.000 0.000 0.000 0.000 0.000 0.000 0.000 0.000 0.000 0.000 0.000
632 66.023 11.659
        0.617 0.368 0.242 0.180 0.148 0.132 0.124 0.120 0.117 0.116 0.116
        0.000 0.000 0.000 0.000 0.000 0.000 0.000 0.000 0.000 0.000 0.000
633 68.826 9.853
        1.026 0.218 0.140 0.132 0.132 0.133 0.133 0.133 0.133 0.133 0.133
        0.000 0.000 0.000 0.000 0.000 0.000 0.000 0.000 0.000 0.000 0.000
634 70.094 5.602
        1.126 0.127 0.127 0.127 0.127 0.126 0.126 0.126 0.126 0.126 0.126
        0.000 0.000 0.000 0.000 0.000 0.000 0.000 0.000 0.000 0.000 0.000
635 68.948 9.893
        0.236 0.225 0.216 0.208 0.200 0.194 0.188 0.182 0.177 0.173 0.483
        0.000 0.000 0.000 0.000 0.000 0.000 0.000 0.000 0.000 0.000 0.000
636 77.379 2.151
        0.331 0.291 0.259 0.234 0.213 0.197 0.184 0.173 0.165 0.158 0.238
        0.000 0.000 0.000 0.000 0.000 0.000 0.000 0.000 0.000 0.000 0.000
637 65.450 10.449
        0.599 0.353 0.230 0.168 0.138 0.122 0.114 0.110 0.108 0.107 0.107
        0.000 0.000 0.000 0.000 0.000 0.000 0.000 0.000 0.000 0.000 0.000
638 66.038 8.224
        1.007 0.202 0.122 0.115 0.115 0.115 0.115 0.114 0.114 0.114 0.114
        0.000 0.000 0.000 0.000 0.000 0.000 0.000 0.000 0.000 0.000 0.000
639 60.573 26.388
        1.132 0.134 0.134 0.134 0.134 0.134 0.133 0.133 0.133 0.133 0.133
        0.000 0.000 0.000 0.000 0.000 0.000 0.000 0.000 0.000 0.000 0.000
640 65.283 13.341
        0.216 0.207 0.198 0.191 0.183 0.177 0.171 0.166 0.161 0.156 0.466
        0.000 0.000 0.000 0.000 0.000 0.000 0.000 0.000 0.000 0.000 0.000
641 61.131 29.555
        0.324 0.286 0.255 0.231 0.211 0.195 0.182 0.172 0.163 0.157 0.237
        0.000 0.000 0.000 0.000 0.000 0.000 0.000 0.000 0.000 0.000 0.000
642 78.596 1.456
        0.617 0.373 0.251 0.189 0.159 0.144 0.136 0.132 0.130 0.129 0.129
        0.000 0.000 0.000 0.000 0.000 0.000 0.000 0.000 0.000 0.000 0.000
643 67.660 9.243
        0.999 0.197 0.118 0.112 0.112 0.113 0.113 0.114 0.114 0.114 0.114
        0.000 0.000 0.000 0.000 0.000 0.000 0.000 0.000 0.000 0.000 0.000
644 66.271 11.741
        1.088 0.098 0.102 0.105 0.106 0.107 0.108 0.108 0.109 0.109 0.109
        0.000 0.000 0.000 0.000 0.000 0.000 0.000 0.000 0.000 0.000 0.000
645 70.094 10.289
        0.236 0.226 0.217 0.209 0.202 0.195 0.189 0.184 0.179 0.175 0.485
        0.000 0.000 0.000 0.000 0.000 0.000 0.000 0.000 0.000 0.000 0.000
646 77.369 3.631
        0.329 0.289 0.256 0.230 0.209 0.192 0.177 0.166 0.156 0.149 0.229
        0.000 0.000 0.000 0.000 0.000 0.000 0.000 0.000 0.000 0.000 0.000
647 76.882 3.685
        0.626 0.376 0.252 0.189 0.158 0.142 0.134 0.130 0.128 0.127 0.127
        0.000 0.000 0.000 0.000 0.000 0.000 0.000 0.000 0.000 0.000 0.000
648 70.139 11.011
        1.030 0.226 0.146 0.138 0.137 0.137 0.137 0.137 0.177 0.177 0.177
        0.000 0.000 0.000 0.000 0.000 0.000 0.000 0.000 0.000 0.000 0.000
649 69.369 14.973
        1.134 0.136 0.136 0.136 0.136 0.136 0.136 0.136 0.136 0.136 0.136
        0.000 0.000 0.000 0.000 0.000 0.000 0.000 0.000 0.000 0.000 0.000
650 73.703 6.770
        0.232 0.222 0.213 0.205 0.198 0.191 0.186 0.180 0.176 0.171 0.481
        0.000 0.000 0.000 0.000 0.000 0.000 0.000 0.000 0.000 0.000 0.000
651 69.470 11.163
        0.332 0.293 0.261 0.236 0.216 0.200 0.187 0.176 0.168 0.161 0.242
        0.000 0.000 0.000 0.000 0.000 0.000 0.000 0.000 0.000 0.000 0.000
652 68.548 11.375
        0.631 0.384 0.259 0.197 0.166 0.150 0.142 0.138 0.136 0.135 0.135
        0.000 0.000 0.000 0.000 0.000 0.000 0.000 0.000 0.000 0.000 0.000
653 61.034 26.956
        1.020 0.216 0.137 0.130 0.130 0.130 0.131 0.131 0.131 0.131 0.131
        0.000 0.000 0.000 0.000 0.000 0.000 0.000 0.000 0.000 0.000 0.000
654 69.896 13.536
        1.121 0.126 0.127 0.127 0.127 0.127 0.127 0.127 0.127 0.127 0.127
        0.000 0.000 0.000 0.000 0.000 0.000 0.000 0.000 0.000 0.000 0.000
655 60.821 16.917
        0.222 0.218 0.210 0.197 0.183 0.169 0.159 0.151 0.144 0.138 0.447
        0.000 0.000 0.000 0.000 0.000 0.000 0.000 0.000 0.000 0.000 0.000
656 67.523 10.862
        0.318 0.280 0.250 0.225 0.205 0.189 0.176 0.166 0.157 0.151 0.231
        0.000 0.000 0.000 0.000 0.000 0.000 0.000 0.000 0.000 0.000 0.000
657 66.231 9.672
        0.619 0.378 0.256 0.195 0.164 0.146 0.119 0.095 0.086 0.082 0.081
        0.000 0.000 0.000 0.000 0.000 0.000 0.000 0.000 0.000 0.000 0.000
658 66.099 24.048
        1.012 0.215 0.136 0.129 0.128 0.129 0.129 0.128 0.128 0.128 0.128
        0.000 0.000 0.000 0.000 0.000 0.000 0.000 0.000 0.000 0.000 0.000
659 68.603 14.393
        1.097 0.121 0.126 0.129 0.118 0.068 0.054 0.053 0.052 0.052 0.052
        0.000 0.000 0.000 0.000 0.000 0.000 0.000 0.000 0.000 0.000 0.000
660 63.828 26.233
        0.331 0.303 0.289 0.278 0.268 0.260 0.252 0.245 0.238 0.232 0.541
        0.000 0.000 0.000 0.000 0.000 0.000 0.000 0.000 0.000 0.000 0.000
661 72.811 11.985
        0.386 0.352 0.333 0.316 0.302 0.291 0.281 0.274 0.267 0.262 0.343
        0.000 0.000 0.000 0.000 0.000 0.000 0.000 0.000 0.000 0.000 0.000
662 61.952 30.512
        0.740 0.505 0.384 0.323 0.292 0.276 0.267 0.262 0.258 0.254 0.252
        0.000 0.000 0.000 0.000 0.000 0.000 0.000 0.000 0.000 0.000 0.000
663 69.308 21.215
        1.148 0.373 0.304 0.299 0.274 0.225 0.178 0.167 0.157 0.154 0.151
        0.000 0.000 0.000 0.000 0.000 0.000 0.000 0.000 0.000 0.000 0.000
664 72.766 5.933
        1.163 0.212 0.217 0.212 0.201 0.192 0.184 0.180 0.177 0.174 0.172
        0.000 0.000 0.000 0.000 0.000 0.000 0.000 0.000 0.000 0.000 0.000
665 72.340 11.672
        0.249 0.253 0.249 0.236 0.219 0.203 0.189 0.179 0.171 0.163 0.470
        0.000 0.000 0.000 0.000 0.000 0.000 0.000 0.000 0.000 0.000 0.000
666 68.086 10.770
        0.349 0.321 0.292 0.264 0.234 0.215 0.198 0.185 0.175 0.166 0.244
        0.000 0.000 0.000 0.000 0.000 0.000 0.000 0.000 0.000 0.000 0.000
667 67.032 9.638
        0.710 0.508 0.405 0.346 0.303 0.266 0.237 0.216 0.199 0.186 0.176
        0.000 0.000 0.000 0.000 0.000 0.000 0.000 0.000 0.000 0.000 0.000
668 72.715 7.891
        0.974 0.245 0.188 0.182 0.176 0.170 0.164 0.160 0.157 0.154 0.151
        0.000 0.000 0.000 0.000 0.000 0.000 0.000 0.000 0.000 0.000 0.000
669 79.894 4.421
        1.114 0.217 0.246 0.258 0.261 0.262 0.262 0.262 0.261 0.261 0.260
        0.000 0.000 0.000 0.000 0.000 0.000 0.000 0.000 0.000 0.000 0.000
670 62.175 12.683
        0.221 0.208 0.185 0.156 0.126 0.100 0.078 0.060 0.045 0.033 0.335
        0.000 0.000 0.000 0.000 0.000 0.000 0.000 0.000 0.000 0.000 0.000
671 70.966 12.313
        0.453 0.431 0.408 0.381 0.214 0.183 0.166 0.154 0.123 0.089 0.152
        0.000 0.000 0.000 0.000 0.000 0.000 0.000 0.000 0.000 0.000 0.000
672 73.181 7.130
        0.554 0.384 0.315 0.276 0.258 0.249 0.247 0.246 0.246 0.246 0.246
        0.000 0.000 0.000 0.000 0.000 0.000 0.000 0.000 0.000 0.000 0.000
673 64.776 13.942
        0.964 0.303 0.245 0.242 0.220 0.198 0.157 0.155 0.144 0.144 0.141
        0.000 0.000 0.000 0.000 0.000 0.000 0.000 0.000 0.000 0.000 0.000
674 67.574 11.262
        1.030 0.181 0.222 0.237 0.225 0.215 0.198 0.185 0.175 0.167 0.161
        0.000 0.000 0.000 0.000 0.000 0.000 0.000 0.000 0.000 0.000 0.000
675 72.198 11.580
        0.253 0.236 0.227 0.215 0.204 0.195 0.187 0.180 0.174 0.169 0.478
        0.000 0.000 0.000 0.000 0.000 0.000 0.000 0.000 0.000 0.000 0.000
676 70.859 13.159
        0.358 0.317 0.278 0.248 0.223 0.201 0.184 0.170 0.159 0.149 0.227
        0.000 0.000 0.000 0.000 0.000 0.000 0.000 0.000 0.000 0.000 0.000
677 65.577 16.384
        0.708 0.499 0.393 0.325 0.239 0.174 0.109 0.099 0.089 0.085 0.082
        0.000 0.000 0.000 0.000 0.000 0.000 0.000 0.000 0.000 0.000 0.000
678 76.020 8.227
        0.949 0.227 0.187 0.203 0.217 0.227 0.233 0.237 0.239 0.240 0.241
        0.000 0.000 0.000 0.000 0.000 0.000 0.000 0.000 0.000 0.000 0.000
679 75.584 7.108
        1.093 0.179 0.196 0.199 0.190 0.178 0.150 0.139 0.129 0.127 0.125
        0.000 0.000 0.000 0.000 0.000 0.000 0.000 0.000 0.000 0.000 0.000
680 72.340 9.341
        0.189 0.184 0.172 0.152 0.129 0.105 0.084 0.066 0.051 0.038 0.341
        0.000 0.000 0.000 0.000 0.000 0.000 0.000 0.000 0.000 0.000 0.000
681 60.644 27.868
        0.455 0.420 0.393 0.367 0.340 0.305 0.274 0.254 0.244 0.236 0.316
        0.000 0.000 0.000 0.000 0.000 0.000 0.000 0.000 0.000 0.000 0.000
682 76.913 5.567
        0.553 0.359 0.264 0.223 0.207 0.202 0.203 0.204 0.207 0.208 0.210
        0.000 0.000 0.000 0.000 0.000 0.000 0.000 0.000 0.000 0.000 0.000
683 68.720 6.346
        0.918 0.246 0.220 0.223 0.207 0.181 0.159 0.145 0.138 0.135 0.132
        0.000 0.000 0.000 0.000 0.000 0.000 0.000 0.000 0.000 0.000 0.000
684 75.503 13.382
        1.008 0.131 0.185 0.217 0.235 0.246 0.253 0.258 0.261 0.262 0.263
        0.000 0.000 0.000 0.000 0.000 0.000 0.000 0.000 0.000 0.000 0.000
685 56.527 12.326
        0.201 0.202 0.208 0.185 0.087 0.074 0.067 0.059 0.051 0.043 0.349
        0.000 0.000 0.000 0.000 0.000 0.000 0.000 0.000 0.000 0.000 0.000
686 71.113 10.040
        0.217 0.240 0.230 0.185 0.118 0.078 0.050 0.030 0.014 -0.000 0.074
        0.000 0.000 0.000 0.000 0.000 0.000 0.000 0.000 0.000 0.000 0.000
687 75.387 4.320
        0.493 0.310 0.236 0.189 0.109 0.013 -0.034 -0.049 -0.054 -0.056 -0.057
        0.000 0.000 0.000 0.000 0.000 0.000 0.000 0.000 0.000 0.000 0.000
688 70.180 7.374
        0.879 0.219 0.208 0.252 0.270 0.279 0.284 0.287 0.288 0.288 0.288
        0.000 0.000 0.000 0.000 0.000 0.000 0.000 0.000 0.000 0.000 0.000
689 77.850 6.950
        0.969 0.169 0.211 0.226 0.186 0.162 0.143 0.136 0.133 0.131 0.129
        0.000 0.000 0.000 0.000 0.000 0.000 0.000 0.000 0.000 0.000 0.000
690 73.475 11.738
        0.344 0.328 0.316 0.304 0.294 0.284 0.276 0.268 0.261 0.254 0.561
        0.000 0.000 0.000 0.000 0.000 0.000 0.000 0.000 0.000 0.000 0.000
691 67.128 10.035
        0.423 0.382 0.350 0.323 0.301 0.283 0.268 0.256 0.245 0.236 0.314
        0.000 0.000 0.000 0.000 0.000 0.000 0.000 0.000 0.000 0.000 0.000
692 67.295 12.453
        0.757 0.528 0.400 0.320 0.260 0.227 0.212 0.203 0.198 0.193 0.191
        0.000 0.000 0.000 0.000 0.000 0.000 0.000 0.000 0.000 0.000 0.000
693 70.738 15.322
        1.118 0.355 0.287 0.282 0.280 0.278 0.275 0.272 0.269 0.266 0.263
        0.000 0.000 0.000 0.000 0.000 0.000 0.000 0.000 0.000 0.000 0.000
694 72.061 11.907
        1.221 0.281 0.296 0.304 0.308 0.311 0.312 0.313 0.313 0.312 0.312
        0.000 0.000 0.000 0.000 0.000 0.000 0.000 0.000 0.000 0.000 0.000
695 72.811 5.390
        0.315 0.325 0.331 0.326 0.312 0.294 0.276 0.258 0.242 0.228 0.529
        0.000 0.000 0.000 0.000 0.000 0.000 0.000 0.000 0.000 0.000 0.000
696 59.909 30.599
        0.457 0.440 0.422 0.401 0.376 0.331 0.248 0.181 0.139 0.113 0.182
        0.000 0.000 0.000 0.000 0.000 0.000 0.000 0.000 0.000 0.000 0.000
697 73.693 11.676
        0.639 0.442 0.343 0.295 0.272 0.261 0.255 0.252 0.250 0.248 0.247
        0.000 0.000 0.000 0.000 0.000 0.000 0.000 0.000 0.000 0.000 0.000
698 73.414 6.619
        1.085 0.353 0.296 0.300 0.306 0.310 0.312 0.314 0.315 0.316 0.317
        0.000 0.000 0.000 0.000 0.000 0.000 0.000 0.000 0.000 0.000 0.000
699 69.146 19.191
        1.183 0.248 0.245 0.220 0.174 0.151 0.139 0.133 0.130 0.128 0.127
        0.000 0.000 0.000 0.000 0.000 0.000 0.000 0.000 0.000 0.000 0.000
700 71.625 17.386
        0.318 0.348 0.358 0.356 0.324 0.280 0.211 0.181 0.162 0.148 0.452
        0.000 0.000 0.000 0.000 0.000 0.000 0.000 0.000 0.000 0.000 0.000
701 56.710 12.672
        0.338 0.371 0.387 0.338 0.157 0.086 0.051 0.035 0.024 0.016 0.096
        0.000 0.000 0.000 0.000 0.000 0.000 0.000 0.000 0.000 0.000 0.000
702 76.862 8.928
        0.632 0.476 0.388 0.340 0.317 0.306 0.301 0.299 0.297 0.296 0.296
        0.000 0.000 0.000 0.000 0.000 0.000 0.000 0.000 0.000 0.000 0.000
703 70.165 8.969
        0.956 0.334 0.304 0.314 0.322 0.327 0.330 0.332 0.333 0.334 0.334
        0.000 0.000 0.000 0.000 0.000 0.000 0.000 0.000 0.000 0.000 0.000
704 68.755 10.634
        1.097 0.248 0.284 0.267 0.223 0.210 0.199 0.195 0.193 0.192 0.191
        0.000 0.000 0.000 0.000 0.000 0.000 0.000 0.000 0.000 0.000 0.000
705 77.521 5.957
        0.335 0.318 0.309 0.301 0.293 0.285 0.278 0.271 0.265 0.259 0.567
        0.000 0.000 0.000 0.000 0.000 0.000 0.000 0.000 0.000 0.000 0.000
706 71.336 12.500
        0.371 0.341 0.305 0.267 0.225 0.184 0.138 0.101 0.070 0.047 0.115
        0.000 0.000 0.000 0.000 0.000 0.000 0.000 0.000 0.000 0.000 0.000
707 73.850 6.726
        0.643 0.421 0.309 0.252 0.223 0.208 0.199 0.193 0.188 0.183 0.179
        0.000 0.000 0.000 0.000 0.000 0.000 0.000 0.000 0.000 0.000 0.000
708 71.995 14.087
        1.077 0.307 0.241 0.241 0.245 0.248 0.249 0.249 0.249 0.248 0.247
        0.000 0.000 0.000 0.000 0.000 0.000 0.000 0.000 0.000 0.000 0.000
709 76.466 5.086
        1.192 0.236 0.251 0.259 0.264 0.267 0.269 0.270 0.271 0.271 0.271
        0.000 0.000 0.000 0.000 0.000 0.000 0.000 0.000 0.000 0.000 0.000
710 67.772 9.862
        0.279 0.265 0.256 0.242 0.228 0.215 0.202 0.189 0.178 0.167 0.470
        0.000 0.000 0.000 0.000 0.000 0.000 0.000 0.000 0.000 0.000 0.000
711 68.968 14.383
        0.411 0.387 0.353 0.309 0.270 0.239 0.216 0.198 0.184 0.172 0.249
        0.000 0.000 0.000 0.000 0.000 0.000 0.000 0.000 0.000 0.000 0.000
712 73.095 4.590
        0.643 0.443 0.340 0.273 0.223 0.191 0.173 0.162 0.155 0.150 0.146
        0.000 0.000 0.000 0.000 0.000 0.000 0.000 0.000 0.000 0.000 0.000
713 77.470 7.599
        1.018 0.338 0.292 0.302 0.310 0.316 0.320 0.323 0.324 0.326 0.327
        0.000 0.000 0.000 0.000 0.000 0.000 0.000 0.000 0.000 0.000 0.000
714 66.728 10.534
        1.089 0.221 0.245 0.259 0.265 0.269 0.271 0.272 0.272 0.271 0.270
        0.000 0.000 0.000 0.000 0.000 0.000 0.000 0.000 0.000 0.000 0.000
715 61.186 9.943
        0.134 0.157 0.171 0.169 0.152 0.042 -0.009 -0.014 -0.022 -0.033 0.270
        0.000 0.000 0.000 0.000 0.000 0.000 0.000 0.000 0.000 0.000 0.000
716 67.402 13.181
        0.190 0.165 0.166 0.169 0.156 0.141 0.125 0.113 0.103 0.094 0.173
        0.000 0.000 0.000 0.000 0.000 0.000 0.000 0.000 0.000 0.000 0.000
717 72.446 7.240
        0.474 0.312 0.230 0.180 0.155 0.143 0.137 0.133 0.130 0.128 0.126
        0.000 0.000 0.000 0.000 0.000 0.000 0.000 0.000 0.000 0.000 0.000
718 56.492 12.274
        0.923 0.202 0.197 0.118 0.076 0.065 0.065 0.063 0.061 0.059 0.057
        0.000 0.000 0.000 0.000 0.000 0.000 0.000 0.000 0.000 0.000 0.000
719 53.926 15.389
        0.938 0.080 0.131 0.163 0.182 0.196 0.208 0.220 0.229 0.236 0.239
        0.000 0.000 0.000 0.000 0.000 0.000 0.000 0.000 0.000 0.000 0.000
