1200 19.42 20.56 APPNP 0.0020.0005 64
1201 22.71 23.06 APPNP 0.0020.0005 128
1202 26.24 25.75 APPNP 0.010.0005 64
1203 29.39 29.06 APPNP 0.010.0005 128
1204 30.36 31.25 APPNP 0.050.0005 64
1205 30.99 31.37 APPNP 0.050.0005 128
1206 30.24 31.23 GAT 0.0020.0005 64
1207 29.57 30.71 GAT 0.0020.0005 128
1208 32.58 34.38 GAT 0.010.0005 64
1209 34.62 34.98 GAT 0.010.0005 128
1210 24.84 25.04 GAT 0.050.0005 64
1211 24.19 24.13 GAT 0.050.0005 128
1212 23.50 23.35 GCN 0.0020.0005 64
1213 25.19 26.48 GCN 0.0020.0005 128
1214 25.42 24.56 GCN 0.010.0005 64
1215 24.55 25.79 GCN 0.010.0005 128
1216 21.81 21.81 GCN 0.050.0005 64
1217 24.05 24.69 GCN 0.050.0005 128
1218 21.83 22.25 MLP 0.0020.0005 64
1219 20.61 20.33 MLP 0.0020.0005 128
1220 36.43 36.15 MLP 0.010.0005 64
1221 32.66 33.56 MLP 0.010.0005 128
1222 34.29 34.58 MLP 0.050.0005 64
1223 32.28 32.73 MLP 0.050.0005 128
1224 19.96 20.02 JKNet 0.0020.0005 64
1225 19.79 20.25 JKNet 0.0020.0005 128
1226 19.94 21.37 JKNet 0.010.0005 64
1227 20.77 20.71 JKNet 0.010.0005 128
1228 24.40 23.42 JKNet 0.050.0005 64
1229 23.96 24.23 JKNet 0.050.0005 128
1230 24.65 25.17 SGC 0.0020.0005 64
1231 26.76 27.65 SGC 0.0020.0005 128
1232 24.44 24.62 SGC 0.010.0005 64
1233 28.17 27.04 SGC 0.010.0005 128
1234 29.22 28.90 SGC 0.050.0005 64
1235 28.76 27.46 SGC 0.050.0005 128
1236 23.40 24.63 GCN-Cheby 0.0020.0005 64
1237 33.05 33.33 GCN-Cheby 0.0020.0005 128
1238 26.82 27.85 GCN-Cheby 0.010.0005 64
1239 31.05 30.71 GCN-Cheby 0.010.0005 128
1240 24.15 23.69 GCN-Cheby 0.050.0005 64
1241 25.92 25.19 GCN-Cheby 0.050.0005 128
1242 34.45 35.35 SAGE 0.0020.0005 64
1243 38.39 38.60 SAGE 0.0020.0005 128
1244 43.75 43.38 SAGE 0.010.0005 64
1245 44.38 43.98 SAGE 0.010.0005 128
1246 41.15 40.27 SAGE 0.050.0005 64
1247 39.52 40.60 SAGE 0.050.0005 128
1248 20.31 19.88 GPRGNN Attention 0.002 0.0 64 0.3 0.1
1249 21.11 18.98 GPRGNN Attention 0.002 0.0 64 0.3 0.2
1250 20.48 19.54 GPRGNN Attention 0.002 0.0 64 0.3 0.5
1251 20.52 20.48 GPRGNN Attention 0.002 0.0 64 0.3 0.9
1252 19.75 20.23 GPRGNN Attention 0.002 0.0 64 0.3 1.0
1253 21.36 22.50 GPRGNN Attention 0.002 0.0 64 0.5 0.1
1254 20.00 19.98 GPRGNN Attention 0.002 0.0 64 0.5 0.2
1255 19.90 20.08 GPRGNN Attention 0.002 0.0 64 0.5 0.5
1256 20.25 19.73 GPRGNN Attention 0.002 0.0 64 0.5 0.9
1257 23.54 24.10 GPRGNN Attention 0.002 0.0 64 0.5 1.0
1258 20.56 20.31 GPRGNN Attention 0.002 0.0 64 0.7 0.1
1259 19.50 20.48 GPRGNN Attention 0.002 0.0 64 0.7 0.2
1260 19.92 20.12 GPRGNN Attention 0.002 0.0 64 0.7 0.5
1261 20.21 20.58 GPRGNN Attention 0.002 0.0 64 0.7 0.9
1262 25.07 24.81 GPRGNN Attention 0.002 0.0 64 0.7 1.0
1263 24.38 24.63 GPRGNN Attention 0.002 0.0 128 0.3 0.1
1264 25.09 25.81 GPRGNN Attention 0.002 0.0 128 0.3 0.2
1265 20.15 20.25 GPRGNN Attention 0.002 0.0 128 0.3 0.5
1266 23.55 23.63 GPRGNN Attention 0.002 0.0 128 0.3 0.9
1267 23.25 23.83 GPRGNN Attention 0.002 0.0 128 0.3 1.0
1268 20.33 20.67 GPRGNN Attention 0.002 0.0 128 0.5 0.1
1269 19.75 20.65 GPRGNN Attention 0.002 0.0 128 0.5 0.2
1270 25.23 25.40 GPRGNN Attention 0.002 0.0 128 0.5 0.5
1271 20.60 20.00 GPRGNN Attention 0.002 0.0 128 0.5 0.9
1272 24.19 23.81 GPRGNN Attention 0.002 0.0 128 0.5 1.0
1273 25.94 26.13 GPRGNN Attention 0.002 0.0 128 0.7 0.1
1274 28.45 28.44 GPRGNN Attention 0.002 0.0 128 0.7 0.2
1200 19.98 20.06 APPNP 0.0020.0005 64
1201 28.95 27.17 APPNP 0.0020.0005 128
