1248 20.307 0.585
        0.086 0.075 0.065 0.057 0.050 0.043 0.037 0.032 0.027 0.023 0.333
        0.000 0.000 0.000 0.000 0.000 0.000 0.000 0.000 0.000 0.000 0.000
1249 21.114 0.448
        0.185 0.143 0.111 0.085 0.065 0.048 0.035 0.025 0.016 0.009 0.090
        0.000 0.000 0.000 0.000 0.000 0.000 0.000 0.000 0.000 0.000 0.000
1250 20.480 0.281
        0.483 0.232 0.107 0.045 0.014 -0.002 -0.010 -0.014 -0.016 -0.017 -0.017
        0.000 0.000 0.000 0.000 0.000 0.000 0.000 0.000 0.000 0.000 0.000
1251 20.519 0.694
        0.882 0.072 -0.009 -0.017 -0.018 -0.018 -0.018 -0.018 -0.018 -0.018 -0.018
        0.000 0.000 0.000 0.000 0.000 0.000 0.000 0.000 0.000 0.000 0.000
1252 19.750 0.532
        0.986 -0.016 -0.016 -0.016 -0.016 -0.016 -0.016 -0.016 -0.016 -0.016 -0.016
        0.000 0.000 0.000 0.000 0.000 0.000 0.000 0.000 0.000 0.000 0.000
1253 21.364 3.071
        0.088 0.076 0.067 0.058 0.051 0.044 0.038 0.033 0.028 0.024 0.334
        0.000 0.000 0.000 0.000 0.000 0.000 0.000 0.000 0.000 0.000 0.000
1254 20.000 0.722
        0.181 0.141 0.109 0.084 0.063 0.047 0.034 0.023 0.015 0.008 0.089
        0.000 0.000 0.000 0.000 0.000 0.000 0.000 0.000 0.000 0.000 0.000
1255 19.904 0.418
        0.483 0.232 0.107 0.044 0.013 -0.002 -0.010 -0.014 -0.016 -0.017 -0.017
        0.000 0.000 0.000 0.000 0.000 0.000 0.000 0.000 0.000 0.000 0.000
1256 20.250 0.777
        0.884 0.074 -0.007 -0.015 -0.016 -0.016 -0.016 -0.016 -0.016 -0.016 -0.016
        0.000 0.000 0.000 0.000 0.000 0.000 0.000 0.000 0.000 0.000 0.000
1257 23.535 2.423
        1.007 0.003 0.003 0.003 0.003 0.003 0.003 0.003 0.003 0.003 0.003
        0.000 0.000 0.000 0.000 0.000 0.000 0.000 0.000 0.000 0.000 0.000
1258 20.557 1.154
        0.081 0.071 0.062 0.054 0.047 0.040 0.034 0.029 0.024 0.020 0.330
        0.000 0.000 0.000 0.000 0.000 0.000 0.000 0.000 0.000 0.000 0.000
1259 19.500 0.425
        0.181 0.141 0.109 0.084 0.063 0.047 0.034 0.023 0.015 0.008 0.089
        0.000 0.000 0.000 0.000 0.000 0.000 0.000 0.000 0.000 0.000 0.000
1260 19.923 1.152
        0.483 0.233 0.108 0.046 0.014 -0.001 -0.009 -0.013 -0.015 -0.016 -0.016
        0.000 0.000 0.000 0.000 0.000 0.000 0.000 0.000 0.000 0.000 0.000
1261 20.211 1.138
        0.885 0.074 -0.007 -0.015 -0.016 -0.016 -0.016 -0.016 -0.016 -0.016 -0.016
        0.000 0.000 0.000 0.000 0.000 0.000 0.000 0.000 0.000 0.000 0.000
1262 25.072 3.064
        0.983 -0.017 -0.017 -0.017 -0.016 -0.016 -0.016 -0.016 -0.016 -0.016 -0.016
        0.000 0.000 0.000 0.000 0.000 0.000 0.000 0.000 0.000 0.000 0.000
1263 24.380 5.958
        0.100 0.087 0.078 0.070 0.063 0.056 0.050 0.045 0.040 0.036 0.346
        0.000 0.000 0.000 0.000 0.000 0.000 0.000 0.000 0.000 0.000 0.000
1264 25.091 2.908
        0.192 0.150 0.118 0.092 0.072 0.055 0.042 0.032 0.023 0.016 0.097
        0.000 0.000 0.000 0.000 0.000 0.000 0.000 0.000 0.000 0.000 0.000
1265 20.154 0.551
        0.489 0.237 0.112 0.049 0.018 0.002 -0.005 -0.009 -0.011 -0.012 -0.012
        0.000 0.000 0.000 0.000 0.000 0.000 0.000 0.000 0.000 0.000 0.000
1266 23.554 3.588
        0.891 0.080 -0.001 -0.010 -0.011 -0.011 -0.011 -0.011 -0.011 -0.011 -0.011
        0.000 0.000 0.000 0.000 0.000 0.000 0.000 0.000 0.000 0.000 0.000
1267 23.247 4.750
        0.987 -0.014 -0.015 -0.015 -0.015 -0.015 -0.015 -0.015 -0.015 -0.015 -0.015
        0.000 0.000 0.000 0.000 0.000 0.000 0.000 0.000 0.000 0.000 0.000
1268 20.327 1.253
        0.088 0.077 0.067 0.059 0.051 0.045 0.039 0.034 0.029 0.024 0.334
        0.000 0.000 0.000 0.000 0.000 0.000 0.000 0.000 0.000 0.000 0.000
1269 19.750 1.509
        0.186 0.145 0.113 0.087 0.066 0.050 0.037 0.026 0.018 0.011 0.092
        0.000 0.000 0.000 0.000 0.000 0.000 0.000 0.000 0.000 0.000 0.000
1270 25.226 6.531
        0.489 0.237 0.112 0.049 0.018 0.002 -0.005 -0.009 -0.011 -0.012 -0.012
        0.000 0.000 0.000 0.000 0.000 0.000 0.000 0.000 0.000 0.000 0.000
1271 20.596 0.869
        0.885 0.075 -0.006 -0.014 -0.015 -0.015 -0.015 -0.015 -0.015 -0.015 -0.015
        0.000 0.000 0.000 0.000 0.000 0.000 0.000 0.000 0.000 0.000 0.000
1272 24.188 2.037
        0.991 -0.010 -0.011 -0.011 -0.011 -0.011 -0.011 -0.011 -0.011 -0.011 -0.012
        0.000 0.000 0.000 0.000 0.000 0.000 0.000 0.000 0.000 0.000 0.000
1273 25.937 4.658
        0.084 0.073 0.064 0.056 0.049 0.043 0.037 0.031 0.027 0.022 0.332
        0.000 0.000 0.000 0.000 0.000 0.000 0.000 0.000 0.000 0.000 0.000
1274 28.453 3.898
        0.188 0.147 0.115 0.089 0.069 0.053 0.039 0.029 0.020 0.014 0.094
        0.000 0.000 0.000 0.000 0.000 0.000 0.000 0.000 0.000 0.000 0.000
