chameleon APPNP 0.002 0.0 0.567 57.6 51.1 26.972
chameleon APPNP 0.002 0.0005 0.748 58.9 53.1 26.936
chameleon APPNP 0.01 0.0 0.493 58.2 53.3 26.634
chameleon APPNP 0.01 0.0005 0.721 58.9 55.0 26.902
chameleon APPNP 0.05 0.0 0.530 58.5 53.9 26.668
chameleon APPNP 0.05 0.0005 0.863 57.6 52.4 27.108
chameleon GAT 0.002 0.0 0.560 69.2 66.9 10.322
chameleon GAT 0.002 0.0005 0.653 70.5 69.1 10.318
chameleon GAT 0.01 0.0 0.621 69.5 66.2 10.142
chameleon GAT 0.01 0.0005 0.800 69.0 66.7 10.273
chameleon GAT 0.05 0.0 43.538 67.0 65.1 10.234
chameleon GAT 0.05 0.0005 1.007 66.2 63.6 10.309
chameleon GCN 0.002 0.0 0.302 68.6 69.3 8.039
chameleon GCN 0.002 0.0005 0.533 67.0 66.0 8.194
chameleon GCN 0.01 0.0 0.146 68.6 71.1 8.201
chameleon GCN 0.01 0.0005 0.475 68.4 67.8 8.093
chameleon GCN 0.05 0.0 0.159 70.1 69.7 8.174
chameleon GCN 0.05 0.0005 0.605 70.1 67.8 8.242
chameleon MLP 0.002 0.0 0.372 56.5 50.7 1.776
chameleon MLP 0.002 0.0005 0.426 58.0 52.9 1.794
chameleon MLP 0.01 0.0 0.337 57.1 50.9 1.759
chameleon MLP 0.01 0.0005 0.430 58.0 52.9 1.806
chameleon MLP 0.05 0.0 0.370 57.4 52.9 1.782
chameleon MLP 0.05 0.0005 0.632 54.5 47.6 1.773
chameleon JKNet 0.002 0.0 0.531 66.2 66.7 12.387
chameleon JKNet 0.002 0.0005 0.690 66.8 66.4 12.649
chameleon JKNet 0.01 0.0 0.290 70.1 69.5 12.365
chameleon JKNet 0.01 0.0005 0.572 69.5 69.5 12.482
chameleon JKNet 0.05 0.0 0.263 70.3 71.1 12.459
chameleon JKNet 0.05 0.0005 0.675 69.7 67.1 12.743
chameleon GPRGNNAttention 0.002 0.0 0.790 58.2 52.9 57.835
                        learnable weight: [0.82820012 1.00626247 1.27682876 1.07089396 0.81654699 0.5742658
 0.40242393 0.29158056 0.21609354 0.15717508 0.41708365]
chameleon GPRGNNAttention 0.002 0.0005 0.800 59.3 51.3 57.648
                        learnable weight: [1.04283965 1.48575599 1.3722964  1.22118526 1.06366455 0.89906037
 0.75815135 0.64668917 0.55389927 0.47279523 0.71179024]
chameleon GPRGNNAttention 0.01 0.0 0.686 60.4 54.2 58.220
                        learnable weight: [ 0.74392477  0.5629441   1.87203823  0.2914296  -0.1806825  -1.39545342
 -2.48319274 -2.86029987 -3.04993515 -3.23640271 -3.0331571 ]
chameleon GPRGNNAttention 0.01 0.0005 0.842 59.8 54.4 58.171
                        learnable weight: [ 1.93249435  2.59287239  3.64406848  1.71886109  0.00870445 -1.45436231
 -2.23087112 -2.66892013 -2.93190204 -3.08557585 -2.84766408]
chameleon GPRGNNAttention 0.05 0.0 0.826 59.3 52.0 57.750
                        learnable weight: [ 0.10889988  0.05605728  0.05395677  0.14993401  0.06420866 -0.15382551
 -0.50238834 -1.21259317 -1.71736213 -2.2779655  -1.9778438 ]
chameleon GPRGNNAttention 0.05 0.0005 1.078 55.4 50.7 58.143
                        learnable weight: [  0.70492889   0.03462166   1.21881484   1.06191955  -1.10590825
  -4.06974647  -6.42917048  -8.71675255 -11.19134585 -13.8528974
 -16.22642522]
chameleon GPRGNNOrigin 0.002 0.0 0.558 65.1 64.9 19.256
                        learnable weight: [ 0.88635311 -0.62799662  1.40996852  0.53966509  0.68251522 -0.3206428
 -0.03310722 -0.45036022 -0.16781337 -0.21487481  0.35763755]
chameleon GPRGNNOrigin 0.002 0.0005 0.623 64.4 64.3 19.095
                        learnable weight: [ 1.124701   -0.84882724  1.53562704  0.63918453  1.04795154 -0.13242571
  0.29949989 -0.41408337 -0.12933467 -0.3638041   0.16173046]
chameleon GPRGNNOrigin 0.01 0.0 0.491 69.9 69.3 18.723
                        learnable weight: [ 0.61948111 -0.96800229  2.02488502  1.70324958 -0.43016058 -0.73742153
 -0.79204742 -0.55850305 -0.21773025  0.05488033  0.61335003]
chameleon GPRGNNOrigin 0.01 0.0005 0.608 68.6 68.9 19.297
                        learnable weight: [ 1.1772422  -2.05735539  3.98077151  2.15091467  0.64109421 -1.1074511
 -0.99922411 -1.17411381 -0.50122236 -0.07060411  0.96290339]
chameleon GPRGNNOrigin 0.05 0.0 0.488 71.4 71.5 19.163
                        learnable weight: [ 0.17798252 -0.36994979  0.61969219  1.18464195 -0.63056909 -0.8738245
  0.02808215 -0.18425154  0.41493197 -0.07826864  0.09413505]
chameleon GPRGNNOrigin 0.05 0.0005 0.815 69.0 68.2 19.117
                        learnable weight: [ 0.47199421 -1.60229241  3.42725764  3.05889636 -1.70370836 -1.11165894
 -1.12110489 -0.57289931  0.03827598  0.12322891  0.58785791]
chameleon GPRGNNAttention 0.002 0.0 0.628 63.5 58.6 52.226
                        learnable weight: [ 1.00885231  0.02129937  1.38416085  0.25662403  0.76106274 -0.26211479
  0.08680042 -0.40201911 -0.19694887 -0.42568165  0.00638526]
chameleon GPRGNNAttention 0.002 0.0005 0.729 62.0 57.2 51.509
                        learnable weight: [ 1.304063    0.34443602  1.37681928  0.41590776  0.87374856 -0.08850653
  0.24179655 -0.32100335 -0.1369181  -0.41236899 -0.00222384]
chameleon GPRGNNAttention 0.01 0.0 0.725 59.8 54.8 51.805
                        learnable weight: [ 1.08940901  0.00696112  0.55147847  0.03043758  0.10646109 -0.01743554
  0.023343   -0.02209329 -0.0271072  -0.11992259  0.06066209]
chameleon GPRGNNAttention 0.01 0.0005 0.700 64.4 63.8 52.103
                        learnable weight: [ 1.59066255 -0.27666549  1.83324752  0.29957     0.68705741 -0.06517477
  0.1406808  -0.23354235 -0.16502276 -0.41402236 -0.06897661]
chameleon GPRGNNAttention 0.05 0.0 4.085 54.7 48.0 51.465
                        learnable weight: [ 0.11462019  0.20687216 -0.00694227 -0.06245703 -0.05620517 -0.08787196
 -0.08598793 -0.08783998 -0.15715064 -0.18730714  0.12135533]
chameleon GPRGNNAttention 0.05 0.0005 1.610 50.3 43.0 51.790
                        learnable weight: [ 0.0012502   0.007164    0.00078413  0.03210401 -0.05375928 -0.02311647
 -0.03128555 -0.06785166 -0.08856353 -0.07186387  0.22725579]
chameleon GCN 0.05 0.0 0.003 42.1 37.5 6.799
chameleon GCN 0.01 0.0 0.038 31.6 29.1 6.605
chameleon MLP 0.01 0.0 0.204 40.4 26.7 10.240
chameleon GPRGNNOrigin 0.01 0.0 0.649 29.8 29.2 13.587
                        learnable weight: [ 8.00961380e-01  2.98663611e-01  1.38143725e-01  6.45006850e-02
  2.93553799e-02  1.23483326e-02  4.06360993e-03  1.38914263e-05
 -1.96828947e-03 -2.93792781e-03 -2.92274872e-03]
chameleon GPRGNNOrigin 0.01 0.0 1.250 39.3 38.7 13.680
                        learnable weight: [ 5.02782643e-01  2.51076288e-01  1.23407098e-01  5.96414731e-02
  2.79480842e-02  1.21884132e-02  4.34326021e-03  4.34424497e-04
 -1.51432054e-03 -2.48618051e-03 -2.48260817e-03]
chameleon GPRGNNOrigin 0.01 0.0 1.257 45.5 44.4 34.415
                        learnable weight: [ 5.28210635e-01  2.56109995e-01  1.25874662e-01  6.14536040e-02
  2.94663961e-02  1.35383688e-02  5.59389169e-03  1.62699534e-03
 -3.55412369e-04 -1.34677700e-03 -1.35457466e-03]
chameleon GPRGNNOrigin 0.05 0.0 1.605 29.9 37.6 14.512
                        learnable weight: [ 4.51192060e-01 -4.75676325e-02 -2.79924850e-04  4.18659306e-03
  3.19207864e-03  1.99141518e-03  1.19703394e-03  7.29664837e-04
  4.63931503e-04  3.14193090e-04  2.29743079e-04]
chameleon GPRGNNOrigin 0.05 0.0005 1.610 29.2 27.6 14.611
                        learnable weight: [ 5.75656811e-01 -5.65357353e-02 -2.05279424e-02 -9.06708796e-03
 -4.29704655e-03 -2.12785687e-03 -1.09668679e-03 -5.92680478e-04
 -3.41522375e-04 -2.14616791e-04 -1.49868874e-04]
chameleon GPRGNNOrigin 0.05 0.0005 1.609 27.9 29.3 9.266
                        learnable weight: [ 1.00162923e+00  1.34741196e-04  1.66942046e-04  5.64470100e-05
 -2.05445875e-05 -5.87551316e-05 -7.51420580e-05 -8.08104892e-05
 -8.17609492e-05 -8.09519099e-05 -7.96228644e-05]
chameleon GPRGNNOrigin 0.05 0.0005 1.543 37.8 30.4 9.632
                        learnable weight: [ 4.54867357e-01  2.48409994e-01  1.25058311e-01  6.18407608e-02
  3.00469739e-02  1.41331916e-02  6.17562345e-03  2.19552518e-03
  2.03372270e-04 -7.94767028e-04 -8.07197297e-04]
chameleon GPRGNNOrigin 0.05 0.0005 1.542 33.2 36.5 8.548
                        learnable weight: [ 5.54728117e-01  2.51971511e-01  1.23136200e-01  5.94177259e-02
  2.75915718e-02  1.16665067e-02  3.69595463e-03 -2.92919737e-04
 -2.28870734e-03 -3.28697925e-03 -3.29789322e-03]
chameleon GPRGNNOrigin 0.05 0.0005 1.609 33.4 33.7 14.136
                        learnable weight: [ 6.51044800e-01  2.69116559e-01  1.28446880e-01  6.22382555e-02
  3.00201373e-02  1.41577305e-02  6.30795467e-03  2.41325233e-03
  4.78218970e-04 -4.83747627e-04 -4.73660344e-04]
chameleon GPRGNNOrigin 0.002 0.0005 1.160 44.0 45.7 13.783
                        learnable weight: [5.32839554e-01 2.53362924e-01 1.25682877e-01 6.23638544e-02
 3.07760938e-02 1.49944979e-02 7.10453458e-03 3.15836233e-03
 1.18405630e-03 1.95990768e-04 1.89616301e-04]
chameleon GPRGNNOrigin 0.005 0.0005 1.284 46.8 46.0 14.157
                        learnable weight: [5.25492637e-01 2.51283574e-01 1.24902363e-01 6.19943203e-02
 3.05783909e-02 1.48798943e-02 7.03318261e-03 3.11044801e-03
 1.14916046e-03 1.68469428e-04 1.66340731e-04]
chameleon GPRGNNOrigin 0.005 0.0005 1.051 47.9 40.5 74.484
                        learnable weight: [1.86208865e+00 4.72561206e-01 2.01866722e-01 9.49810420e-02
 4.62623859e-02 2.28417221e-02 1.13086037e-02 5.55348657e-03
 2.65602931e-03 1.18694040e-03 9.25516399e-04]
chameleon GPRGNNOrigin 0.002 0.0005 0.999 44.2 44.6 83.274
                        learnable weight: [1.87099223e+00 3.90439440e-01 1.17515215e-01 4.08889267e-02
 1.58646104e-02 6.83050410e-03 3.26764158e-03 1.74612356e-03
 1.05121436e-03 7.16700900e-04 5.51056531e-04]
chameleon SGC 0.002 0.0005 1.481 42.2 41.8 283.826
