citeseer APPNP 0.002 0.0 0.145 71.8 71.2 18.625
citeseer APPNP 0.002 0.0005 0.612 73.6 71.7 18.823
citeseer APPNP 0.01 0.0 0.178 72.2 71.1 18.677
citeseer APPNP 0.01 0.0005 0.461 74.0 72.3 18.591
citeseer APPNP 0.05 0.0 0.309 72.2 70.8 18.523
citeseer APPNP 0.05 0.0005 0.460 73.6 72.1 18.676
citeseer GAT 0.002 0.0 0.304 73.0 70.9 12.092
citeseer GAT 0.002 0.0005 0.417 75.2 73.5 12.113
citeseer GAT 0.01 0.0 0.403 69.8 67.3 11.959
citeseer GAT 0.01 0.0005 0.523 73.0 70.4 12.123
citeseer GAT 0.05 0.0 1.028 68.6 67.3 12.034
citeseer GAT 0.05 0.0005 0.510 73.8 71.7 12.110
citeseer GCN 0.002 0.0 0.005 71.8 70.3 8.275
citeseer GCN 0.002 0.0005 0.202 72.0 71.6 8.326
citeseer GCN 0.01 0.0 0.001 70.6 69.3 8.201
citeseer GCN 0.01 0.0005 0.161 72.8 71.8 8.290
citeseer GCN 0.05 0.0 0.000 71.0 69.8 8.438
citeseer GCN 0.05 0.0005 0.174 73.6 71.3 8.304
citeseer MLP 0.002 0.0 0.029 54.2 51.9 2.482
citeseer MLP 0.002 0.0005 0.202 57.8 56.3 2.506
citeseer MLP 0.01 0.0 0.003 53.0 53.7 2.483
citeseer MLP 0.01 0.0005 0.115 58.4 57.1 2.491
citeseer MLP 0.05 0.0 0.000 53.0 51.1 2.474
citeseer MLP 0.05 0.0005 0.190 57.0 56.8 2.495
citeseer JKNet 0.002 0.0 0.097 63.0 62.1 12.067
citeseer JKNet 0.002 0.0005 0.160 68.2 66.7 12.032
citeseer JKNet 0.01 0.0 0.018 63.4 62.0 12.166
citeseer JKNet 0.01 0.0005 0.120 65.8 64.0 12.234
citeseer JKNet 0.05 0.0 0.065 63.8 61.1 12.253
citeseer JKNet 0.05 0.0005 0.119 69.8 67.6 12.190
citeseer GPRGNNAttention 0.002 0.0 0.301 66.2 64.5 46.877
                        learnable weight: [1.00609472 1.76540666 1.72886407 1.66845706 1.61908717 1.57061705
 1.52427763 1.48022043 1.43838831 1.399109   1.67658244]
citeseer GPRGNNAttention 0.002 0.0005 0.487 65.8 65.5 45.557
                        learnable weight: [1.5590566  1.95921891 1.90478596 1.84649875 1.78839455 1.72779104
 1.67077493 1.61861299 1.57097438 1.52771595 1.80260533]
citeseer GPRGNNAttention 0.01 0.0 0.157 67.6 64.6 45.880
                        learnable weight: [0.92482499 4.17237941 4.25527612 4.30773866 4.26600105 4.14008603
 3.97186917 3.78114937 3.57652363 3.36687406 3.47451699]
citeseer GPRGNNAttention 0.01 0.0005 0.261 69.4 66.4 46.002
                        learnable weight: [2.46708753 6.17855913 5.91686876 5.69968372 5.4920393  5.28670302
 5.08526518 4.88768162 4.69494183 4.50979225 4.64923219]
citeseer GPRGNNAttention 0.05 0.0 0.122 66.8 64.4 46.034
                        learnable weight: [0.22816892 1.94659899 6.70547909 8.41061861 9.16482728 9.06088349
 8.27789508 6.72420202 5.02899465 3.40953092 2.17391581]
citeseer GPRGNNAttention 0.05 0.0005 0.891 69.6 66.9 46.244
                        learnable weight: [ 0.95509788  7.91026731  8.25999655  7.85816455  7.52400525  6.05045605
  3.7489787   1.2940472  -0.88125839 -2.70771576 -3.9029094 ]
citeseer GPRGNNOrigin 0.002 0.0 0.063 71.0 69.7 19.398
                        learnable weight: [0.89846361 0.79486844 0.6902247  0.60908959 0.54495832 0.49139446
 0.44527754 0.40453949 0.36804083 0.33498881 0.61867038]
citeseer GPRGNNOrigin 0.002 0.0005 0.151 72.6 70.8 19.127
                        learnable weight: [1.16339981 1.02990023 0.92578732 0.83936976 0.77118435 0.71165509
 0.65875335 0.61017239 0.56493979 0.5223005  0.79562144]
citeseer GPRGNNOrigin 0.01 0.0 0.041 71.2 69.5 19.534
                        learnable weight: [1.53043184 1.45021315 1.25989395 1.04859695 0.83963864 0.65018768
 0.4775736  0.32175802 0.18162495 0.05623996 0.25848721]
citeseer GPRGNNOrigin 0.01 0.0005 0.121 72.4 69.9 19.163
                        learnable weight: [2.5819248  2.48773178 2.10458849 1.7298925  1.43827349 1.17703808
 0.9396127  0.71574201 0.50247969 0.29787531 0.4152711 ]
citeseer GPRGNNOrigin 0.05 0.0 0.099 71.4 68.6 19.150
                        learnable weight: [ 0.81479256 -1.36313099  0.95807648  0.38806864  0.34682189  0.34573708
  0.34840403  0.2747837   0.10912296 -0.15018118 -0.18098227]
citeseer GPRGNNOrigin 0.05 0.0005 0.319 72.0 67.2 19.554
                        learnable weight: [-2.2018766   5.33729603  0.19224451 -0.4922911  -1.71034576 -2.10586174
 -2.06992637 -1.62742699 -0.91280449 -0.01640964  1.29630939]
citeseer GPRGNNAttention 0.002 0.0 0.053 72.0 69.8 40.003
                        learnable weight: [0.88132147 0.85472273 0.81773224 0.79296142 0.77513276 0.76281874
 0.75316659 0.74402739 0.73561862 0.72814683 1.03535234]
citeseer GPRGNNAttention 0.002 0.0005 0.142 72.8 71.3 39.855
                        learnable weight: [1.08692699 1.0904531  1.09232441 1.0835056  1.07692292 1.06893802
 1.06422237 1.0605069  1.05563077 1.05242538 1.35852369]
citeseer GPRGNNAttention 0.01 0.0 0.052 73.4 72.1 40.384
                        learnable weight: [1.29620398 1.37616932 1.21025941 1.12117305 1.0162527  0.91151719
 0.7563237  0.6399027  0.5484108  0.46026275 0.64878624]
citeseer GPRGNNAttention 0.01 0.0005 0.110 72.2 69.5 40.276
                        learnable weight: [2.0959748  2.35655189 2.22441466 2.1844606  2.15615065 2.15087761
 2.15020698 2.07812137 1.91168529 1.7483968  2.01119221]
citeseer GPRGNNAttention 0.05 0.0 0.179 71.4 69.9 39.801
                        learnable weight: [ 0.42755897  0.55654119  0.09207355  0.99580373  0.84608914  0.36736374
  0.30872686  0.07076996  0.05213902 -0.10725095 -0.06768287]
citeseer GPRGNNAttention 0.05 0.0005 0.367 70.8 70.1 40.421
                        learnable weight: [0.89515066 1.46725407 0.20073042 1.1802782  1.53187761 2.27282255
 2.41411416 2.05084831 1.94289866 1.76605381 1.9952445 ]
citeseer GPRGNNOrigin 0.01 0.0005 0.180 71.8 70.3 24.775
                        learnable weight: [1.01624058 0.89522469 0.78855321 0.7035287  0.63598767 0.57614076
 0.52232384 0.47251024 0.42593728 0.38200585 0.65419118]
citeseer APPNP 0.01 0.0005 0.952 82.4 82.3 24.247
citeseer GPRGNNAttention 0.01 0.0005 0.575 81.2 81.7 31.752
                        learnable weight: [1.35006717 1.15133589 1.09630449 1.06248493 1.04283715 1.03001405
 1.02165131 1.01630437 1.01299295 1.01114196 1.09626489]
