computers GPRGNNOrigin 0.05 0.0 0.377 84.0 83.3 70.622
                        learnable weight: [-0.02622301  0.06760143 -0.4401712  -0.54673328 -0.37392337 -0.21063923
 -0.12412131 -0.07705366 -0.05341152 -0.04150775 -0.03514107]
computers GPRGNNOrigin 0.01 0.0 0.517 86.3 86.1 71.468
                        learnable weight: [ 9.48474358e-02  6.88294169e-01  7.07877486e-01  5.48535213e-01
  3.99943848e-01  2.30790988e-01  1.14336542e-01  5.17569302e-02
  2.09497025e-02  6.08040917e-03 -5.58626815e-04]
computers GPRGNNOrigin 0.01 0.0 0.457 88.8 90.1 70.526
                        learnable weight: [ 0.03838126  0.62377871  0.79386277  0.71739337  0.60890165  0.4023402
  0.18445986  0.06734272  0.01353147 -0.0109886  -0.02168025]
computers GPRGNNAttention 0.01 0.0 0.651 81.7 83.8 298.734
                        learnable weight: [ 0.17043683  0.89046988  0.29127597  0.09713459  0.03586724  0.02859395
  0.00500183 -0.01556803 -0.03602411 -0.05492798 -0.07315855]
computers GPRGNNOrigin 0.01 0.0 1.884 87.5 86.4 67.854
                        learnable weight: [0.13580796 0.70015204 0.73737234 0.60443315 0.43545524 0.27011222
 0.15402056 0.0993606  0.07124039 0.05717425 0.05094692]
