cora APPNP 0.002 0.135 81.6 83.4 18.065
cora APPNP 0.002 0.451 81.0 82.6 19.139
cora APPNP 0.01 0.021 82.0 84.0 19.229
cora APPNP 0.01 0.408 81.4 82.8 19.353
cora APPNP 0.05 0.104 83.8 84.3 19.353
cora APPNP 0.05 0.488 82.2 82.9 18.319
cora GAT 0.002 0.228 80.4 80.9 10.017
cora GAT 0.002 0.331 80.8 80.6 9.836
cora GAT 0.01 0.175 80.6 80.2 9.554
cora GAT 0.01 0.338 81.8 81.3 9.955
cora GAT 0.05 1.282 79.8 79.9 9.544
cora GAT 0.05 0.452 82.4 81.8 9.692
cora GCN 0.002 0.008 79.4 81.4 8.203
cora APPNP 0.002 0.0 0.124 81.8 82.9 18.311
cora APPNP 0.002 0.0005 0.469 81.4 83.9 18.336
cora APPNP 0.01 0.0 0.020 80.4 83.1 18.326
cora APPNP 0.01 0.0005 0.434 81.8 84.1 18.204
cora APPNP 0.05 0.0 0.009 82.0 81.7 18.366
cora APPNP 0.05 0.0005 0.440 82.2 83.2 17.976
cora GAT 0.002 0.0 0.213 80.6 82.2 9.330
cora GAT 0.002 0.0005 0.324 81.2 83.1 9.516
cora GAT 0.01 0.0 0.185 80.6 81.2 9.499
cora GAT 0.01 0.0005 0.276 81.8 83.0 9.699
cora GAT 0.05 0.0 6.585 80.0 79.1 9.416
cora GAT 0.05 0.0005 0.323 81.4 82.1 9.554
cora GCN 0.002 0.0 0.006 79.6 81.2 8.108
cora GCN 0.002 0.0005 0.166 80.2 81.9 8.012
cora GCN 0.01 0.0 0.000 80.0 79.3 7.968
cora GCN 0.01 0.0005 0.130 80.6 81.2 8.231
cora GCN 0.05 0.0 0.000 80.0 79.7 8.052
cora GCN 0.05 0.0005 0.153 81.8 82.9 8.099
cora MLP 0.002 0.0 0.071 59.6 56.7 1.731
cora MLP 0.002 0.0005 0.151 61.4 59.5 1.783
cora MLP 0.01 0.0 0.052 60.0 57.2 1.773
cora MLP 0.01 0.0005 0.162 61.4 57.1 1.760
cora MLP 0.05 0.0 0.015 57.6 57.7 1.666
cora MLP 0.05 0.0005 0.236 61.8 57.9 1.610
cora JKNet 0.002 0.0 0.057 75.6 74.7 11.947
cora JKNet 0.002 0.0005 0.180 78.2 76.9 11.894
cora JKNet 0.01 0.0 0.014 78.8 78.7 11.823
cora JKNet 0.01 0.0005 0.058 80.8 79.1 12.036
cora JKNet 0.05 0.0 0.082 77.4 76.3 11.865
cora JKNet 0.05 0.0005 0.090 80.2 76.8 12.094
cora GPRGNNAttention 0.002 0.0 0.344 71.8 72.5 46.339
                        learnable weight: [0.96028241 1.8840132  1.89889704 1.87928278 1.81932661 1.74146905
 1.64641648 1.53961474 1.43170555 1.33019926 1.55331269]
cora GPRGNNAttention 0.002 0.0005 0.521 71.6 72.0 46.903
                        learnable weight: [1.48521861 2.08905485 2.02167475 1.93192205 1.83633751 1.73263727
 1.62933136 1.53206767 1.4431436  1.36375262 1.60814106]
cora GPRGNNAttention 0.01 0.0 0.173 73.4 73.4 46.209
                        learnable weight: [0.35468952 4.72227884 4.77722209 4.57854737 4.28773088 3.96849737
 3.57510458 3.10741264 2.60412892 2.1138942  1.98716257]
cora GPRGNNAttention 0.01 0.0005 0.288 74.8 74.1 46.022
                        learnable weight: [1.8846911  6.28275406 6.68715223 6.73925038 6.38996006 5.94454331
 5.37832371 4.70637332 4.00350905 3.36791159 3.14848772]
cora GPRGNNAttention 0.05 0.0 0.256 76.4 73.9 46.236
                        learnable weight: [ 0.40750252  1.9021006   8.55125329 11.81878579 13.13485762 13.07024247
 11.78338716  7.50430065  3.17618965 -1.1259155  -4.34267155]
cora GPRGNNAttention 0.05 0.0005 0.979 72.0 70.7 46.766
                        learnable weight: [  0.59939779   1.29555865   2.51010483   5.79606597   3.89927858
  -0.55347614  -6.11989433 -11.53429556 -15.94708702 -19.0147494
 -20.58887089]
cora GPRGNNOrigin 0.002 0.0 0.042 81.8 83.8 19.122
                        learnable weight: [0.68113871 0.63741415 0.62772209 0.60358722 0.57955869 0.55602149
 0.5335353  0.51186608 0.49065328 0.46945841 0.76160893]
cora GPRGNNOrigin 0.002 0.0005 0.128 82.4 84.2 18.898
                        learnable weight: [0.87949345 0.83228012 0.82183004 0.79551157 0.76949737 0.74328783
 0.71757789 0.69202644 0.666231   0.63965297 0.92548984]
cora GPRGNNOrigin 0.01 0.0 0.024 81.0 83.2 19.133
                        learnable weight: [0.81553363 0.80389249 0.88534856 0.84827035 0.78349629 0.70740177
 0.62453138 0.53521292 0.43777466 0.33035177 0.52515928]
cora GPRGNNOrigin 0.01 0.0005 0.275 81.4 82.0 18.859
                        learnable weight: [1.2547747  1.24161168 1.40672237 1.40087045 1.35862074 1.28717164
 1.19491693 1.08189865 0.94636423 0.78562343 0.91099668]
cora GPRGNNOrigin 0.05 0.0 3.740 80.2 81.2 18.986
                        learnable weight: [-0.09350416 -0.43828883  0.68237315  0.8024255   1.0217672   1.23917662
  1.34819891  1.28547745  1.03357751  0.61485224  0.38718252]
cora GPRGNNOrigin 0.05 0.0005 0.224 81.6 81.3 19.096
                        learnable weight: [ 0.87599693 -4.00117207 -0.96357282  0.56437129  1.9459732   2.62842601
  2.69460612  2.16929893  1.13839978 -0.28149486 -1.63607964]
cora GPRGNNAttention 0.002 0.0 0.049 80.4 79.0 39.868
                        learnable weight: [0.76849153 0.8670309  0.88693656 0.89760795 0.90194119 0.85753589
 0.75985233 0.67151317 0.62376406 0.60052526 0.89463511]
cora GPRGNNAttention 0.002 0.0005 0.122 80.6 82.2 40.056
                        learnable weight: [0.92121207 1.07614485 1.10383699 1.12073506 1.12987651 1.09377434
 1.02538056 0.96401393 0.93049811 0.90514945 1.19854367]
cora GPRGNNAttention 0.01 0.0 0.019 82.4 83.3 39.778
                        learnable weight: [0.88590345 1.41946447 1.62266588 1.67702662 1.45492113 1.07660883
 0.82338681 0.66199806 0.58829974 0.54942572 0.83107968]
cora GPRGNNAttention 0.01 0.0005 0.127 82.2 84.0 40.099
                        learnable weight: [1.12232905 1.98434787 2.35140416 2.57402281 2.68673479 2.55365553
 1.92087322 1.43469834 1.16275605 1.00268342 1.23968098]
cora GPRGNNAttention 0.05 0.0 0.449 79.4 80.3 39.314
                        learnable weight: [ 5.32571298e-01  3.15060824e-01  1.21620801e-01  1.20553043e-01
  6.38118738e-05  3.66666093e-03  2.09339008e-03  1.51447193e-02
  9.04999264e-04 -9.89840990e-03 -4.05394264e-02]
cora GPRGNNAttention 0.05 0.0005 0.365 81.4 81.9 39.323
                        learnable weight: [ 0.12936561 -0.30374968  0.35285218  2.59974963  1.24941125  0.24627313
  0.21032105  0.24198021  0.21874723 -0.02470851  0.06860408]
cora GPRGNNOrigin 0.05 0.0 0.746 80.4 81.2 77.547
                        learnable weight: [ 0.04663274 -0.89448781  0.49479516  0.53166011  0.77292344  1.00830347
  1.16712046  1.1592802   0.94263133  0.51826937  0.23311232]
cora GPRGNNOrigin 0.05 0.0 0.006 79.0 80.8 85.460
                        learnable weight: [ 0.5737378  -1.21847709 -0.19199051 -0.00344176  0.35599871  0.63602913
  0.75699907  0.67234992  0.40302836  0.00537561 -0.45746353]
cora GPRGNNAttention 0.05 0.0 0.018 79.8 80.6 96.131
                        learnable weight: [ 0.08738888 -0.11144903 -0.01004166  0.64506708  0.41783573 -0.0709283
  0.18340215  0.58802295 -0.08539695  0.03776196  0.0384291 ]
cora GCN 0.05 0.0005 0.132 81.8 81.0 4.990
cora GPRGNNAttention 0.05 0.0005 0.279 81.2 81.8 16.644
                        learnable weight: [-0.21042081  1.20371467  2.27704621  3.07790732  2.76913845  1.08525393
  0.4210978   0.25002273  0.2145317   0.19416155  0.2643835 ]
cora GPRGNNOrigin 0.05 0.0005 0.181 81.4 83.0 10.992
                        learnable weight: [ 0.05868442 -0.20161912  0.77155611  1.15601374  1.35526081  1.35720786
  1.20017451  0.89609168  0.46598139 -0.05522315 -0.53357523]
cora GPRGNNOrigin 0.05 0.0005 0.181 81.8 83.2 10.468
                        learnable weight: [ 0.05282956 -0.1200699   0.81782326  1.18379042  1.37972473  1.39051982
  1.25134226  0.97072173  0.56228027  0.04841492 -0.44952629]
cora GPRGNNAttention 0.05 0.0005 0.262 81.8 82.6 18.497
                        learnable weight: [-0.01532398  1.85850592  2.47098308  2.15610746  1.4550449   0.91874396
  0.46313639  0.21601708  0.09361158  0.05544998  0.10328024]
cora GPRGNNAttention 0.002 0.0005 0.378 81.0 81.4 17.611
                        learnable weight: [0.58469036 0.57970063 0.55576043 0.53029293 0.48800243 0.44236228
 0.37629652 0.32289034 0.29646997 0.28425465 0.36115417]
cora GPRGNNAttention 0.01 0.0005 0.134 81.2 82.0 16.816
                        learnable weight: [0.91676367 1.05992431 1.08987351 1.10477805 1.10615529 1.07417551
 0.76603403 0.55775252 0.47711812 0.44633393 0.51346641]
cora GPRGNNAttention 0.01 0.0005 0.216 81.2 79.6 17.251
                        learnable weight: [1.06209188 1.19177948 1.20801114 1.22019299 1.18558471 1.0121943
 0.81798259 0.68707866 0.62443317 0.58312929 0.63985977]
cora GCN 0.01 0.0005 0.170 80.8 80.1 5.040
cora GCN 0.01 0.0005 0.177 80.4 81.1 4.835
cora GCN 0.01 0.0005 0.177 80.2 82.9 4.914
cora GPRGNNAttention 0.01 0.0005 0.171 80.2 83.1 17.390
                        learnable weight: [0.99698089 1.11147363 1.13693231 1.13290456 1.12344239 1.10809305
 1.03745222 0.83091285 0.65820136 0.59469393 0.64744484]
cora APPNP 0.01 0.0005 0.640 89.9 87.4 10.791
cora GPRGNNAttention 0.01 0.0005 0.418 88.9 87.5 17.591
                        learnable weight: [0.6051564  0.9136156  1.07192271 1.14145647 1.18369769 1.14434612
 0.9927738  0.86610137 0.80996295 0.7874743  0.85979509]
cora GPRGNNOrigin 0.05 0.0 0.023 76.5 80.6 9.808
                        learnable weight: [-0.00867939  0.17268323  0.16209826  0.34742748  0.48459067  0.58003045
  0.60072727  0.53981436  0.39811319  0.18862452 -0.06712511]
