cornell APPNP 0.002 0.0 0.397 67.6 62.2 15.580
cornell APPNP 0.002 0.0005 0.410 67.6 62.2 15.453
cornell APPNP 0.01 0.0 0.451 64.9 62.2 15.410
cornell APPNP 0.01 0.0005 0.380 70.3 56.8 15.527
cornell APPNP 0.05 0.0 0.764 67.6 54.1 15.347
cornell APPNP 0.05 0.0005 1.704 64.9 56.8 15.395
cornell GAT 0.002 0.0 0.355 62.2 54.1 9.312
cornell GAT 0.002 0.0005 0.524 64.9 56.8 9.368
cornell GAT 0.01 0.0 0.859 64.9 54.1 9.103
cornell GAT 0.01 0.0005 0.585 64.9 45.9 9.206
cornell GAT 0.05 0.0 4.982 64.9 59.5 9.176
cornell GAT 0.05 0.0005 42.673 67.6 48.6 9.318
cornell GCN 0.002 0.0 0.022 62.2 54.1 7.402
cornell GCN 0.002 0.0005 0.059 62.2 51.4 7.313
cornell GCN 0.01 0.0 0.013 62.2 54.1 7.477
cornell GCN 0.01 0.0005 0.086 64.9 59.5 7.307
cornell GCN 0.05 0.0 0.198 64.9 54.1 7.402
cornell GCN 0.05 0.0005 0.354 64.9 56.8 7.467
cornell MLP 0.002 0.0 0.004 86.5 75.7 1.417
cornell MLP 0.002 0.0005 0.014 89.2 81.1 1.416
cornell MLP 0.01 0.0 0.000 86.5 81.1 1.390
cornell MLP 0.01 0.0005 0.040 94.6 83.8 1.427
cornell MLP 0.05 0.0 0.088 91.9 86.5 1.418
cornell MLP 0.05 0.0005 0.161 97.3 86.5 1.418
cornell JKNet 0.002 0.0 0.184 62.2 51.4 11.602
cornell JKNet 0.002 0.0005 0.238 64.9 56.8 11.619
cornell JKNet 0.01 0.0 0.179 62.2 54.1 11.644
cornell JKNet 0.01 0.0005 0.140 62.2 54.1 11.778
cornell JKNet 0.05 0.0 0.510 64.9 54.1 11.442
cornell JKNet 0.05 0.0005 0.484 67.6 54.1 11.694
cornell GPRGNNAttention 0.002 0.0 0.384 83.8 83.8 43.087
                        learnable weight: [0.61917353 0.42754887 0.36290878 0.4065246  0.49774611 0.57702282
 0.62099502 0.56920033 0.45925527 0.3569325  0.58971422]
cornell GPRGNNAttention 0.002 0.0005 0.347 83.8 78.4 43.299
                        learnable weight: [0.72323042 0.47312892 0.48472639 0.53948768 0.52046688 0.5044071
 0.45652718 0.36124602 0.27597114 0.21425513 0.48462601]
cornell GPRGNNAttention 0.01 0.0 0.218 86.5 70.3 43.742
                        learnable weight: [0.50693557 0.13674722 0.0962423  0.04368389 0.47412656 0.99259734
 1.56113679 1.86141807 1.98356539 1.8965522  1.92512632]
cornell GPRGNNAttention 0.01 0.0005 0.448 83.8 81.1 43.314
                        learnable weight: [ 0.845127    0.16064482  0.26289153  0.2039693   0.21336301  0.2669346
  0.16855275 -0.05310228 -0.25107268 -0.40211934 -0.33609184]
cornell GPRGNNAttention 0.05 0.0 0.445 83.8 83.8 44.002
                        learnable weight: [ 0.12492969  0.01070153  0.01747741  0.07762373 -0.05381601 -0.00593725
 -0.07064704  0.14270918  0.7219883   1.32659355  2.37992283]
cornell GPRGNNAttention 0.05 0.0005 0.635 94.6 83.8 44.937
                        learnable weight: [ 0.24533848  0.07444667  0.13383923  0.11049687  0.02853319 -0.06115988
  0.00535727 -0.00718972 -0.07245325 -0.14414959  0.07599515]
cornell GPRGNNOrigin 0.002 0.0 0.259 62.2 54.1 19.200
                        learnable weight: [ 1.22132952  0.63904607  0.20216539  0.07830694  0.02569939 -0.01614595
 -0.057796   -0.08749569 -0.10357852 -0.10971478  0.20368358]
cornell GPRGNNOrigin 0.002 0.0005 0.297 62.2 54.1 18.946
                        learnable weight: [ 1.28677956  0.72895744  0.24691814  0.08868159  0.01186138 -0.03697026
 -0.0725663  -0.09230106 -0.10015294 -0.10025125  0.2179446 ]
cornell GPRGNNOrigin 0.01 0.0 0.366 64.9 56.8 19.334
                        learnable weight: [ 2.01760068  0.47682478 -0.03411724 -0.0353459   0.01306115  0.02343189
  0.0059663  -0.02785056 -0.06975958 -0.11452258  0.15466645]
cornell GPRGNNOrigin 0.01 0.0005 0.383 67.6 62.2 18.887
                        learnable weight: [ 1.98303451  0.41045327  0.00681479  0.03561963  0.02612197  0.00874994
 -0.02049317 -0.05071316 -0.0795504  -0.10514181  0.18669013]
cornell GPRGNNOrigin 0.05 0.0 1.172 67.6 51.4 18.951
                        learnable weight: [ 0.07877855  0.34882483  0.01342793  0.05037173  0.05470628  0.03405019
 -0.00139855 -0.03948005 -0.0761737  -0.10830773  0.17915651]
cornell GPRGNNOrigin 0.05 0.0005 0.751 83.8 70.3 19.119
                        learnable weight: [-1.49777537  0.0782542  -0.31470781 -0.18974175  0.00954843  0.12319873
  0.15996848  0.11565763  0.00875838 -0.14721944 -0.02563906]
cornell GPRGNNAttention 0.002 0.0 0.237 67.6 67.6 37.589
                        learnable weight: [ 0.90528561  0.47812253  0.10179558  0.01112623 -0.03056604 -0.03958447
 -0.04054783 -0.03538672 -0.02745016 -0.01768034  0.30724122]
cornell GPRGNNAttention 0.002 0.0005 0.253 70.3 64.9 36.630
                        learnable weight: [ 0.98761988  0.53255461  0.12756112  0.01849094 -0.03598755 -0.04524553
 -0.04100526 -0.02657125 -0.00887812  0.01106521  0.34624598]
cornell GPRGNNAttention 0.01 0.0 0.364 81.1 67.6 37.159
                        learnable weight: [ 1.47778479  0.2162093   0.04077682  0.00490434  0.00340839  0.02072077
  0.0117409   0.017579    0.00300649 -0.08095765  0.08328276]
cornell GPRGNNAttention 0.01 0.0005 0.381 86.5 78.4 37.008
                        learnable weight: [ 1.59197251  0.04651414  0.0513483  -0.01365729  0.00858427  0.02878214
  0.0522369   0.03327485  0.00465466 -0.07792516  0.10145249]
cornell GPRGNNAttention 0.05 0.0 1.071 81.1 67.6 36.857
                        learnable weight: [ 8.07972859e-01  7.75071136e-01  2.44489472e-02  2.91119535e-02
 -2.34767209e-04  1.55941026e-02 -4.85325474e-02 -5.62918834e-02
 -6.30116888e-02 -6.80811738e-02  2.42063760e-01]
cornell GPRGNNAttention 0.05 0.0005 1.094 78.4 64.9 37.507
                        learnable weight: [ 0.24728346  0.02810286  0.24570566  0.21504912  0.06767404 -0.00074161
 -0.04255905 -0.04331926 -0.0449939  -0.0487719   0.26137394]
cornell GPRGNNAttention 0.05 0.0005 0.806 91.9 90.2 3.716
                        learnable weight: [ 4.42170002  1.40200545  0.05751261 -0.48717519 -0.54133371 -0.36418318
 -0.12664782  0.09280908  0.26415444  0.38661924  0.47120178]
cornell GPRGNNOrigin 0.05 0.0005 1.484 75.7 83.6 2.638
                        learnable weight: [-2.87039359 -2.2092959  -1.2150287  -0.64132769 -0.32657111 -0.16067646
 -0.07509952 -0.03125746 -0.00868253  0.00314398  0.0095334 ]
cornell GCN 0.05 0.0 0.005 40.0 50.9 1.436
