film APPNP 0.002 0.0 1.363 36.8 33.0 26.557
film APPNP 0.002 0.0005 1.536 33.9 33.1 26.253
film APPNP 0.01 0.0 1.291 36.6 32.4 26.471
film APPNP 0.01 0.0005 1.530 35.0 32.8 26.485
film APPNP 0.05 0.0 1.261 35.9 31.6 26.622
film APPNP 0.05 0.0005 1.539 34.8 31.8 26.405
film GAT 0.002 0.0 1.379 31.5 28.1 12.171
film GAT 0.002 0.0005 1.532 32.2 29.3 12.069
film GAT 0.01 0.0 1.346 32.0 28.0 12.098
film GAT 0.01 0.0005 1.540 32.3 27.4 12.084
film GAT 0.05 0.0 1.395 31.1 28.0 12.114
film GAT 0.05 0.0005 1.550 32.2 28.9 12.154
film GCN 0.002 0.0 0.946 32.8 28.9 8.386
film GCN 0.002 0.0005 1.466 31.5 29.6 8.803
film GCN 0.01 0.0 0.398 32.4 28.9 8.852
film GCN 0.01 0.0005 1.459 32.4 29.8 8.778
film GCN 0.05 0.0 0.288 32.0 27.6 8.858
film GCN 0.05 0.0005 1.469 32.5 28.9 8.732
film MLP 0.002 0.0 1.165 37.6 35.1 2.117
film MLP 0.002 0.0005 1.312 37.4 34.8 2.164
film MLP 0.01 0.0 1.068 38.6 36.0 2.122
film MLP 0.01 0.0005 1.317 37.5 35.3 2.119
film MLP 0.05 0.0 1.073 38.5 35.9 2.110
film MLP 0.05 0.0005 1.348 37.2 35.9 2.149
film JKNet 0.002 0.0 1.155 30.7 28.2 12.950
film JKNet 0.002 0.0005 1.486 30.7 29.9 13.702
film JKNet 0.01 0.0 0.917 33.1 28.6 13.567
film JKNet 0.01 0.0005 1.477 30.9 30.1 13.737
film JKNet 0.05 0.0 0.761 32.0 28.2 13.567
film JKNet 0.05 0.0005 1.483 31.8 29.6 13.602
film GPRGNNAttention 0.002 0.0 1.337 38.0 34.5 59.867
                        learnable weight: [ 1.16627168  0.89522901  0.50944855  0.21268861  0.02345975 -0.08540071
 -0.14827426 -0.18941802 -0.21987434 -0.24361558  0.05284926]
film GPRGNNAttention 0.002 0.0005 1.404 37.2 34.7 60.224
                        learnable weight: [1.77904058 1.57121768 1.28641563 1.07421885 0.88243201 0.74733577
 0.67576748 0.6418869  0.62425146 0.6085432  0.90068232]
film GPRGNNAttention 0.01 0.0 1.291 38.6 36.2 59.519
                        learnable weight: [ 1.85494152  0.29494241  0.66580217  0.26701683 -0.24444579 -0.16371599
 -0.10332664 -0.41000323 -0.86544953 -1.26515031 -1.23485236]
film GPRGNNAttention 0.01 0.0005 1.389 37.2 32.9 59.848
                        learnable weight: [ 4.39816549  3.8655984   1.70811442  0.41214253 -0.15885487 -0.41355418
 -0.52218603 -0.56040073 -0.56549045 -0.54964392 -0.19712935]
film GPRGNNAttention 0.05 0.0 1.318 37.9 35.5 58.951
                        learnable weight: [ 0.22335496  0.03232402  0.10828801  0.18733122 -0.04384548 -0.22080976
 -0.03160895 -0.2953157  -1.19428235 -2.84509298 -5.14561056]
film GPRGNNAttention 0.05 0.0005 1.488 37.8 34.4 59.008
                        learnable weight: [ 2.67062872  1.88821852  3.70792055 -0.44627218 -4.15437522 -6.7961022
 -8.71174066 -9.65820968 -9.9295551  -9.56146527 -8.2792642 ]
film GPRGNNOrigin 0.002 0.0 1.335 35.8 32.6 19.515
                        learnable weight: [ 1.61206102  0.34402793  0.32293769  0.06288627  0.03466313  0.01284455
  0.00589221 -0.01191495 -0.04259563 -0.08669258  0.17183514]
film GPRGNNOrigin 0.002 0.0005 1.398 34.8 30.5 19.096
                        learnable weight: [ 1.99348345  1.36964735  1.1733341   0.82057412  0.58852873  0.37075014
  0.1887314   0.02663255 -0.11568649 -0.23961891 -0.03187635]
film GPRGNNOrigin 0.01 0.0 1.287 35.9 31.5 19.041
                        learnable weight: [ 2.4959385   0.04124299  0.2703105  -0.25178747 -0.0921871   0.01990886
  0.12563121  0.14570363  0.07832028 -0.07500062  0.01056172]
film GPRGNNOrigin 0.01 0.0005 1.398 35.4 31.6 19.416
                        learnable weight: [ 5.21964358e+00  2.79875984e-01  6.77258515e-01 -7.89207255e-02
  8.57467292e-02  1.85587892e-01  2.67229710e-01  2.51283795e-01
  1.42442058e-01 -5.24245461e-02 -4.00827008e-03]
film GPRGNNOrigin 0.05 0.0 1.330 38.0 33.0 19.133
                        learnable weight: [ 0.68021407 -0.02975097  0.1784491  -0.26097329 -0.05173588  0.04264179
  0.12432281  0.12697001  0.05434736 -0.0966634  -0.00792569]
film GPRGNNOrigin 0.05 0.0005 1.491 36.6 32.0 19.312
                        learnable weight: [ 3.61761032 -0.52213149 -0.11397052 -0.2888443   0.0950528   0.3586907
  0.49942219  0.46795521  0.2724853  -0.07528156 -0.24410761]
film GPRGNNAttention 0.002 0.0 1.326 36.9 33.4 53.433
                        learnable weight: [ 1.40226526  0.43027473  0.05226446 -0.16222648 -0.15076641 -0.10256523
 -0.02623985  0.05340236  0.1301637   0.20012579  0.57627835]
film GPRGNNAttention 0.002 0.0005 1.399 36.5 33.4 53.817
                        learnable weight: [1.95731945 1.49129549 0.72747803 0.18331619 0.06859084 0.06857039
 0.10618739 0.15501242 0.20600783 0.25445439 0.61256394]
film GPRGNNAttention 0.01 0.0 1.292 37.7 36.4 53.434
                        learnable weight: [ 2.11141807e+00 -2.01665824e-02 -1.89536305e-03 -2.85810697e-03
 -5.39175181e-02 -3.47533519e-02 -1.99557548e-02 -5.91240280e-03
 -1.74803995e-03 -3.42568213e-03  3.10857711e-01]
film GPRGNNAttention 0.01 0.0005 1.403 37.3 34.7 53.098
                        learnable weight: [4.84258073 0.80297397 0.90326083 0.1798723  0.02877397 0.03394553
 0.08532677 0.14353523 0.19859113 0.24691897 0.60248592]
film GPRGNNAttention 0.05 0.0 1.538 37.9 33.3 53.306
                        learnable weight: [ 0.04759111  0.02366208 -0.03148724  0.0530653   0.02321461  0.02145707
  0.024253    0.00064608 -0.04461901 -0.08008503  0.2038682 ]
film GPRGNNAttention 0.05 0.0005 1.516 36.2 35.7 52.927
                        learnable weight: [ 1.19682385 -0.11923129  0.03416325 -0.09089725 -0.04599189  0.01143986
  0.0500746   0.11881902  0.16525662  0.19672238  0.54997613]
film GCN 0.05 0.0 0.003 26.3 26.9 11.266
