new_chameleon APPNP 0.002 0.0 0.360 78.0 70.0 27.411
new_chameleon APPNP 0.002 0.0005 0.774 71.0 66.4 27.076
new_chameleon APPNP 0.01 0.0 0.215 76.9 75.7 27.482
new_chameleon APPNP 0.01 0.0005 0.745 73.2 68.9 27.592
new_chameleon APPNP 0.05 0.0 0.178 76.7 74.3 27.361
new_chameleon APPNP 0.05 0.0005 0.763 73.6 67.8 27.237
new_chameleon GAT 0.002 0.0 0.339 79.6 78.3 10.877
new_chameleon GAT 0.002 0.0005 0.616 74.1 67.5 10.888
new_chameleon GAT 0.01 0.0 0.257 80.9 78.7 10.815
new_chameleon GAT 0.01 0.0005 0.617 74.5 68.9 10.870
new_chameleon GAT 0.05 0.0 0.385 78.9 79.8 10.740
new_chameleon GAT 0.05 0.0005 0.663 74.3 64.9 10.792
new_chameleon GCN 0.002 0.0 0.275 80.0 77.2 8.292
new_chameleon GCN 0.002 0.0005 0.670 69.5 65.6 8.466
new_chameleon GCN 0.01 0.0 0.144 80.0 78.3 8.448
new_chameleon GCN 0.01 0.0005 0.652 70.5 66.7 8.320
new_chameleon GCN 0.05 0.0 0.093 79.8 76.3 8.392
new_chameleon GCN 0.05 0.0005 0.651 71.0 66.4 8.425
new_chameleon MLP 0.002 0.0 0.106 77.6 73.5 2.018
new_chameleon MLP 0.002 0.0005 0.344 78.0 75.0 2.031
new_chameleon MLP 0.01 0.0 0.068 78.0 73.5 1.977
new_chameleon MLP 0.01 0.0005 0.298 77.8 73.2 2.124
new_chameleon MLP 0.05 0.0 0.041 78.2 75.2 2.084
new_chameleon MLP 0.05 0.0005 0.363 78.5 72.4 2.089
new_chameleon JKNet 0.002 0.0 0.417 76.7 73.9 13.117
new_chameleon JKNet 0.002 0.0005 0.639 68.1 64.3 12.851
new_chameleon JKNet 0.01 0.0 0.264 79.1 77.9 12.854
new_chameleon JKNet 0.01 0.0005 0.638 70.8 65.8 12.993
new_chameleon JKNet 0.05 0.0 0.170 80.0 77.2 12.931
new_chameleon JKNet 0.05 0.0005 0.684 70.5 66.9 12.783
new_chameleon GPRGNNAttention 0.002 0.0 0.330 78.0 75.9 57.885
                        learnable weight: [1.12419852 1.69724482 1.43830525 0.88682901 0.62608257 0.52633733
 0.48767518 0.47301331 0.46840065 0.46697852 0.7764778 ]
new_chameleon GPRGNNAttention 0.002 0.0005 0.472 78.0 75.4 58.114
                        learnable weight: [1.83049384 1.98267306 1.73261931 1.30757953 1.05146881 0.92955505
 0.87870985 0.85911096 0.85270359 0.84974932 1.15410092]
new_chameleon GPRGNNAttention 0.01 0.0 0.285 78.5 75.0 57.683
                        learnable weight: [ 1.92112398e+00  3.42058320e+00  5.16066999e+00  1.24616954e+00
 -2.37387653e-03 -2.92883285e-01 -4.03066488e-01 -4.82607588e-01
 -5.55202932e-01 -6.19675627e-01 -3.49948777e-01]
new_chameleon GPRGNNAttention 0.01 0.0005 0.407 78.5 76.3 58.159
                        learnable weight: [4.63853534 6.02769397 4.88945847 2.25550488 1.18372114 0.83360944
 0.69038349 0.61681653 0.56606818 0.52312664 0.79556742]
new_chameleon GPRGNNAttention 0.05 0.0 0.342 77.8 74.6 58.456
                        learnable weight: [ 0.6515704   0.44147286  1.48414522 -1.87637092 -4.23013286 -2.04045623
  0.10188618  3.02923511  7.68348809 13.62632244 20.13946201]
new_chameleon GPRGNNAttention 0.05 0.0005 0.484 78.0 75.0 58.525
                        learnable weight: [ 7.80629245 15.04402206 11.48502979 -4.72697303 -6.43932318 -5.95291097
 -4.8905665  -4.20289094 -4.04811328 -3.99858483 -3.62875732]
new_chameleon GPRGNNOrigin 0.002 0.0 0.261 78.5 77.9 19.345
                        learnable weight: [ 1.45286999 -0.51094854  1.40678161  0.46519836  0.66532603 -0.1055268
 -0.00737166 -0.29556913 -0.19089399 -0.21083065  0.23173377]
new_chameleon GPRGNNOrigin 0.002 0.0005 0.401 76.9 74.6 19.428
                        learnable weight: [ 1.97557591  0.21311214  1.62477386  0.75163032  1.16101781  0.38302056
  0.57941581 -0.01346391  0.01297507 -0.35990444 -0.10564408]
new_chameleon GPRGNNOrigin 0.01 0.0 0.209 80.2 79.8 19.090
                        learnable weight: [ 2.48267808 -0.94714677  2.57763834  1.28085545 -0.33095843 -0.5482098
 -0.78380968 -0.44753413 -0.27188719  0.06710677  0.57246826]
new_chameleon GPRGNNOrigin 0.01 0.0005 0.306 79.3 77.9 19.220
                        learnable weight: [ 5.00900331 -2.35411546  5.07746961  1.9189999   2.3548328  -0.19415194
 -0.01116068 -0.91628348 -0.57122734 -0.54457265  0.27578112]
new_chameleon GPRGNNOrigin 0.05 0.0 0.167 81.1 80.7 19.278
                        learnable weight: [ 1.69434307 -0.98535091  2.06364831  2.41391863 -2.157062   -0.62353561
 -0.87869384  0.12763758  0.20115483  0.28693701  0.07875965]
new_chameleon GPRGNNOrigin 0.05 0.0005 0.427 79.8 78.7 19.351
                        learnable weight: [ 5.45242897 -4.98520217 11.66287046  4.67224303  0.75210891 -1.39602154
 -2.46529063 -1.98765051 -1.41704365 -0.0594264   1.56267197]
new_chameleon GPRGNNAttention 0.002 0.0 0.279 76.9 73.0 51.552
                        learnable weight: [ 1.58316411  0.16911553  1.33668002  0.57026977  0.61890696  0.03241171
 -0.00597155 -0.25836239 -0.28250493 -0.38298502 -0.08299706]
new_chameleon GPRGNNAttention 0.002 0.0005 0.440 76.5 73.9 51.828
                        learnable weight: [ 1.99676061  1.27467575  1.45948617  1.06696329  0.90232913  0.54231678
  0.38122517  0.1850004   0.08335288 -0.02496053  0.22432658]
new_chameleon GPRGNNAttention 0.01 0.0 0.286 78.7 77.2 51.448
                        learnable weight: [ 2.51333255 -0.01094771  1.35037345  0.31648008  0.29842699 -0.15449248
 -0.17220642 -0.25452061 -0.25128588 -0.25647118  0.04821082]
new_chameleon GPRGNNAttention 0.01 0.0005 0.346 76.9 74.1 51.391
                        learnable weight: [ 5.56796968  0.45287416  4.17012766  2.30292069  2.43073082  0.41460278
  0.11791484 -0.89531409 -1.00472106 -1.4328637  -1.16661015]
new_chameleon GPRGNNAttention 0.05 0.0 0.376 76.3 73.9 52.052
                        learnable weight: [ 1.78148474  0.261467   -0.00378107 -0.04182145  0.03163475 -0.03027841
  0.07066115 -0.0309056  -0.05199421 -0.14131862  0.13551549]
new_chameleon GPRGNNAttention 0.05 0.0005 0.991 76.9 73.7 52.173
                        learnable weight: [ 0.55386951  0.60790522  0.0622525  -0.28546148  0.98167594 -0.27849257
  0.59579919 -0.25353744 -0.14831379 -0.6379501  -0.34468143]
