new_squirrel APPNP 0.002 0.0 0.623 63.3 63.8 88.511
new_squirrel APPNP 0.002 0.0005 0.920 54.7 57.4 88.095
new_squirrel APPNP 0.01 0.0 0.495 64.3 62.7 95.131
new_squirrel APPNP 0.01 0.0005 0.917 56.2 58.7 88.740
new_squirrel APPNP 0.05 0.0 0.440 65.7 65.1 87.942
new_squirrel APPNP 0.05 0.0005 0.919 57.2 58.9 88.660
new_squirrel GAT 0.002 0.0 0.570 64.2 64.6 24.192
new_squirrel GAT 0.002 0.0005 0.890 56.6 56.7 24.057
new_squirrel GAT 0.01 0.0 0.350 70.5 71.0 24.007
new_squirrel GAT 0.01 0.0005 0.911 56.0 55.9 24.100
new_squirrel GAT 0.05 0.0 0.476 68.1 69.2 24.058
new_squirrel GAT 0.05 0.0005 0.934 56.7 55.8 24.111
new_squirrel GCN 0.002 0.0 0.508 66.5 67.5 13.554
new_squirrel GCN 0.002 0.0005 0.877 60.2 62.7 13.392
new_squirrel GCN 0.01 0.0 0.348 69.4 70.7 13.395
new_squirrel GCN 0.01 0.0005 0.849 61.2 61.8 13.460
new_squirrel GCN 0.05 0.0 0.218 70.8 71.4 13.980
new_squirrel GCN 0.05 0.0005 0.853 61.7 60.4 14.349
new_squirrel MLP 0.002 0.0 0.399 63.3 64.2 3.274
new_squirrel MLP 0.002 0.0005 0.671 62.7 64.0 3.453
new_squirrel MLP 0.01 0.0 0.238 64.5 64.8 3.443
new_squirrel MLP 0.01 0.0005 0.633 63.6 65.5 3.442
new_squirrel MLP 0.05 0.0 0.247 63.0 62.5 3.690
new_squirrel MLP 0.05 0.0005 0.694 63.2 63.8 3.322
new_squirrel JKNet 0.002 0.0 0.586 64.1 67.5 19.038
new_squirrel JKNet 0.002 0.0005 0.835 60.7 60.3 18.744
new_squirrel JKNet 0.01 0.0 0.479 68.3 68.5 18.594
new_squirrel JKNet 0.01 0.0005 0.782 62.2 62.8 18.405
new_squirrel JKNet 0.05 0.0 0.341 70.7 69.4 17.949
new_squirrel JKNet 0.05 0.0005 0.810 62.3 62.5 18.157
new_squirrel GPRGNNAttention 0.002 0.0 0.603 64.4 64.6 164.715
                        learnable weight: [1.33451473 1.47280051 1.60672999 1.1842068  0.76795147 0.56954569
 0.52128461 0.56288514 0.65573454 0.763776   1.16990791]
new_squirrel GPRGNNAttention 0.002 0.0005 0.752 64.0 64.6 164.758
                        learnable weight: [ 1.82882956  1.95145242  1.57310648  0.50051939  0.09201122 -0.05659892
 -0.09833856 -0.08309929 -0.03368577  0.03730396  0.43400345]
new_squirrel GPRGNNAttention 0.01 0.0 0.464 64.4 64.6 163.946
                        learnable weight: [2.31918475 1.46119467 2.88875787 0.76492878 0.71983361 0.90523016
 1.04797701 1.52173502 2.09084881 2.51105899 3.24402971]
new_squirrel GPRGNNAttention 0.01 0.0005 0.650 65.2 64.4 164.330
                        learnable weight: [5.24248497 6.23827939 4.82101654 1.9683329  0.79681474 0.40037614
 0.2867876  0.32726949 0.46079305 0.65066079 1.17792936]
new_squirrel GPRGNNAttention 0.05 0.0 0.539 65.2 63.1 164.591
                        learnable weight: [ 0.77156456  0.80438007  1.56006781 -1.4447151  -0.25180682  2.25129326
  3.96329481  5.00972047  6.16838559  7.41216313  9.0716353 ]
new_squirrel GPRGNNAttention 0.05 0.0005 0.850 63.8 64.0 164.902
                        learnable weight: [ 5.16564139 13.81597941  8.96558597 -2.1596889  -5.0877256  -5.75243048
 -5.81153178 -5.59882196 -5.17223686 -4.48612533 -3.19716098]
new_squirrel GPRGNNOrigin 0.002 0.0 0.543 64.9 64.8 27.276
                        learnable weight: [ 1.52270276 -0.10379733  1.38689098  0.1890983   0.71282787 -0.01726871
  0.24902506 -0.13520119 -0.0224612  -0.21903015  0.13215001]
new_squirrel GPRGNNOrigin 0.002 0.0005 0.701 64.4 63.2 27.724
                        learnable weight: [2.03153296 1.07238067 1.46044458 0.8387049  1.01623586 0.60907649
 0.70675566 0.43064451 0.44871625 0.24370611 0.51111174]
new_squirrel GPRGNNOrigin 0.01 0.0 0.463 66.9 66.7 27.421
                        learnable weight: [ 2.85562229 -0.62421463  3.20470495  0.33830181  0.01136333 -0.59279977
 -0.55397424 -0.47236301 -0.24291714  0.02875599  0.64807927]
new_squirrel GPRGNNOrigin 0.01 0.0005 0.595 66.8 65.0 27.621
                        learnable weight: [ 5.32927994 -0.03795933  4.21562685  0.81566955  2.13605386  0.33589051
  0.91585702 -0.04653893  0.14155164 -0.39163361 -0.07792063]
new_squirrel GPRGNNOrigin 0.05 0.0 0.454 69.3 68.9 27.751
                        learnable weight: [ 1.07387245 -0.60503181  2.42997714  0.81520797 -1.86152253 -0.05312488
 -0.73600735  0.34136008  0.00978587  0.27793922  0.11243196]
new_squirrel GPRGNNOrigin 0.05 0.0005 0.754 65.8 63.9 27.153
                        learnable weight: [ 3.10108809 -2.39937978  8.29743801  0.29060651  2.43458889 -0.71152979
  0.22832619 -0.95503412 -0.30148246 -0.47042286  0.56740781]
new_squirrel GPRGNNAttention 0.002 0.0 0.570 65.2 64.8 155.417
                        learnable weight: [ 1.7022383   0.97563032  1.23096522  0.31549339  0.31430173 -0.09869614
 -0.06973632 -0.24096892 -0.22111935 -0.30222065  0.02048342]
new_squirrel GPRGNNAttention 0.002 0.0005 0.714 63.2 64.6 154.943
                        learnable weight: [1.91653491 1.71506039 1.32961467 1.09615639 0.68296708 0.54103037
 0.30804669 0.2565202  0.13987367 0.11603179 0.36789637]
new_squirrel GPRGNNAttention 0.01 0.0 0.439 63.9 65.8 154.954
                        learnable weight: [ 3.95756291  0.71002503  1.44437518 -0.04334258  0.38274642 -0.17565744
 -0.03271465 -0.28116267 -0.21762556 -0.34353196 -0.00404626]
new_squirrel GPRGNNAttention 0.01 0.0005 0.620 65.8 64.5 155.083
                        learnable weight: [ 6.05201113  3.89478737  1.74699011  1.21955852  0.17357695  0.27006705
 -0.23156229 -0.14656794 -0.40757896 -0.36586774 -0.19492316]
new_squirrel GPRGNNAttention 0.05 0.0 0.893 63.5 64.6 154.723
                        learnable weight: [ 0.18811898  0.00709342  0.34138756  0.88671483 -0.35199031 -0.15913024
 -0.01111926 -0.01922982 -0.01145308 -0.1406753  -0.00631078]
new_squirrel GPRGNNAttention 0.05 0.0005 0.915 61.3 59.8 154.757
                        learnable weight: [ 0.38685349  1.67126463  0.32585949 -0.0231571  -0.06956184 -0.02826265
 -0.04155736 -0.04087034 -0.07372027 -0.07830059  0.21245141]
