pubmed APPNP 0.002 0.0 0.028 79.4 77.5 34.853
pubmed APPNP 0.002 0.0005 0.227 82.0 79.9 34.554
pubmed APPNP 0.01 0.0 0.018 80.2 78.6 34.594
pubmed APPNP 0.01 0.0005 0.144 82.4 79.6 34.909
pubmed APPNP 0.05 0.0 0.004 79.6 78.3 35.027
pubmed APPNP 0.05 0.0005 0.238 82.6 79.9 34.699
pubmed GAT 0.002 0.0 0.142 79.2 76.6 18.189
pubmed GAT 0.002 0.0005 0.245 79.4 77.9 18.168
pubmed GAT 0.01 0.0 0.167 78.0 76.3 18.141
pubmed GAT 0.01 0.0005 0.312 80.8 78.1 18.208
pubmed GAT 0.05 0.0 5.222 79.4 75.5 18.202
pubmed GAT 0.05 0.0005 0.167 81.4 77.9 18.156
pubmed GCN 0.002 0.0 0.004 78.6 77.3 8.879
pubmed GCN 0.002 0.0005 0.069 80.6 77.8 8.946
pubmed GCN 0.01 0.0 0.000 78.2 76.9 8.884
pubmed GCN 0.01 0.0005 0.051 81.0 80.0 8.810
pubmed GCN 0.05 0.0 0.000 77.8 76.4 8.877
pubmed GCN 0.05 0.0005 0.092 80.6 78.9 8.899
pubmed MLP 0.002 0.0 0.021 70.0 69.9 2.310
pubmed MLP 0.002 0.0005 0.137 72.8 72.0 2.302
pubmed MLP 0.01 0.0 0.005 70.2 69.6 2.286
pubmed MLP 0.01 0.0005 0.072 73.4 73.2 2.332
pubmed MLP 0.05 0.0 0.056 69.4 70.0 2.304
pubmed MLP 0.05 0.0005 0.114 73.6 72.1 2.323
pubmed JKNet 0.002 0.0 0.004 78.6 75.1 14.556
pubmed JKNet 0.002 0.0005 0.031 79.4 77.4 14.432
pubmed JKNet 0.01 0.0 0.001 77.6 75.4 14.320
pubmed JKNet 0.01 0.0005 0.015 79.6 77.1 14.516
pubmed JKNet 0.05 0.0 0.005 78.2 75.1 14.284
pubmed JKNet 0.05 0.0005 0.011 80.2 77.9 14.560
pubmed GPRGNNAttention 0.002 0.0 0.126 74.4 72.8 79.099
                        learnable weight: [0.95649541 1.54927664 1.65208049 1.68405615 1.73956409 1.78281604
 1.79156079 1.78367992 1.77107199 1.76290644 2.06766409]
pubmed GPRGNNAttention 0.002 0.0005 0.242 76.6 74.6 78.403
                        learnable weight: [1.28153785 1.75223185 1.77621031 1.78586192 1.80290593 1.81159384
 1.81560521 1.82184958 1.82982683 1.83719528 2.15486838]
pubmed GPRGNNAttention 0.01 0.0 0.032 76.6 74.8 78.545
                        learnable weight: [1.01488454 2.95302437 3.88943268 4.46249485 4.87445402 5.28761054
 5.5289658  5.57713935 5.54595742 5.49600239 5.75124742]
pubmed GPRGNNAttention 0.01 0.0005 0.078 77.6 73.7 78.571
                        learnable weight: [2.10975453 4.10738046 5.33074693 5.65385761 6.02435131 6.42133078
 6.66893495 6.72910143 6.72383336 6.72009317 7.03263387]
pubmed GPRGNNAttention 0.05 0.0 0.138 76.8 74.2 78.694
                        learnable weight: [ 0.23224614  0.64479294  0.61448474  2.80319987  6.62401248 10.84927565
 14.41639163 16.83279663 20.61217856 22.77690127 23.70647032]
pubmed GPRGNNAttention 0.05 0.0005 0.362 78.2 73.6 78.775
                        learnable weight: [ 0.92988942  1.41849449  8.89061826 12.46438206 14.11786488 16.31718541
 17.54427777 18.63247979 18.79687808 18.36550186 18.01252672]
pubmed GPRGNNOrigin 0.002 0.0 0.001 79.8 77.3 19.680
                        learnable weight: [0.56410068 0.56710483 0.51741992 0.47736486 0.4543259  0.43754224
 0.42406242 0.41320275 0.4035115  0.39484638 0.7005553 ]
pubmed GPRGNNOrigin 0.002 0.0005 0.016 80.8 78.1 19.716
                        learnable weight: [0.80405347 0.76608731 0.69974327 0.65299927 0.62693067 0.60750299
 0.59215622 0.57963636 0.56848711 0.55844608 0.86283317]
pubmed GPRGNNOrigin 0.01 0.0 0.024 79.4 77.5 19.608
                        learnable weight: [0.51504915 0.79521743 0.69359081 0.54221863 0.49462541 0.47152532
 0.46243657 0.46287935 0.46416269 0.46623364 0.78044022]
pubmed GPRGNNOrigin 0.01 0.0005 0.013 80.0 77.7 19.720
                        learnable weight: [1.45411254 1.48213963 1.17645656 0.98209442 0.91624255 0.8985195
 0.89125181 0.89465581 0.89479991 0.89347528 1.20151532]
pubmed GPRGNNOrigin 0.05 0.0 0.058 80.2 77.7 19.638
                        learnable weight: [-0.13870637  0.48950776  0.44966882 -0.29575628 -0.38146513 -0.35242563
 -0.2459605   0.03327268  0.18642916  0.31956171  0.72191429]
pubmed GPRGNNOrigin 0.05 0.0005 0.115 81.0 77.6 19.451
                        learnable weight: [ 0.87729814  1.80427985  0.57069615 -0.32431513 -0.3970076  -0.08703156
  0.17686233  0.48545274  0.67967563  0.80704795  1.15855332]
pubmed GPRGNNAttention 0.002 0.0 0.013 77.8 75.1 72.421
                        learnable weight: [0.60926793 0.69795735 0.72304411 0.72651483 0.7246981  0.71536731
 0.70023375 0.69022198 0.67532639 0.65642935 0.94849643]
pubmed GPRGNNAttention 0.002 0.0005 0.022 81.2 79.0 72.304
                        learnable weight: [0.42799928 0.76737679 0.9110316  0.93593079 0.94375544 0.92173564
 0.85903851 0.8025132  0.7601707  0.72381791 1.00561857]
pubmed GPRGNNAttention 0.01 0.0 0.002 79.6 76.6 72.491
                        learnable weight: [0.68232747 1.16418894 1.27753866 1.37600242 1.40302347 1.42906663
 1.39002433 1.30333474 1.17771802 1.06197352 1.28842225]
pubmed GPRGNNAttention 0.01 0.0005 0.033 81.4 80.0 72.716
                        learnable weight: [1.11844893 1.68155321 1.97712074 2.11873851 2.19315087 2.07733718
 1.37986982 0.80407662 0.48177776 0.41913028 0.70192574]
pubmed GPRGNNAttention 0.05 0.0 0.162 78.8 76.7 72.570
                        learnable weight: [ 1.02593384  0.73900286  0.4384742   0.18676594  0.05994642  0.0175881
  0.01646057 -0.04491659 -0.02226415 -0.02017859 -0.03484735]
pubmed GPRGNNAttention 0.05 0.0005 0.838 81.2 78.6 73.013
                        learnable weight: [ 0.18410423  0.26226705 -0.35456627 -0.41829456 -0.06040114  0.21836892
  0.3252286   0.30878468  0.35057913  0.17233076  0.15088175]
pubmed GPRGNNOrigin 0.01 0.0005 0.014 81.0 77.0 30.949
                        learnable weight: [0.83785279 0.70732093 0.6361479  0.59735046 0.57966024 0.57051307
 0.56306715 0.55782226 0.55266904 0.54789661 0.85682591]
pubmed GCN 0.05 0.0005 0.084 80.8 79.6 18.501
pubmed GPRGNNAttention 0.01 0.0005 0.050 81.4 79.8 88.839
                        learnable weight: [0.75143263 0.84384761 0.85172222 0.84925001 0.83384854 0.81944585
 0.8032301  0.78675443 0.7691894  0.74951675 0.81789143]
pubmed GPRGNNOrigin 0.01 0.0005 0.015 80.2 79.3 31.198
                        learnable weight: [0.81242192 0.70761869 0.62726649 0.57632659 0.54658477 0.52642658
 0.51041344 0.49799991 0.4871516  0.47769842 0.55491284]
pubmed GCN 0.01 0.0005 0.081 81.0 80.2 17.340
pubmed GAT 0.01 0.0005 0.243 80.4 78.8 119.906
pubmed MLP 0.01 0.0005 0.068 73.0 74.1 23.291
pubmed APPNP 0.01 0.0005 0.502 86.2 85.8 35.641
