squirrel APPNP 0.002 0.0 0.974 41.7 38.3 87.572
squirrel APPNP 0.002 0.0005 1.129 42.0 37.6 90.608
squirrel APPNP 0.01 0.0 0.764 42.2 37.8 90.473
squirrel APPNP 0.01 0.0005 1.074 44.8 37.6 89.528
squirrel APPNP 0.05 0.0 0.836 43.3 41.1 88.830
squirrel APPNP 0.05 0.0005 1.203 43.8 36.6 88.697
squirrel GAT 0.002 0.0 1.010 53.9 51.7 22.021
squirrel GAT 0.002 0.0005 1.060 53.8 50.3 22.368
squirrel GAT 0.01 0.0 0.961 56.5 51.5 22.112
squirrel GAT 0.01 0.0005 1.131 52.1 47.1 22.170
squirrel GAT 0.05 0.0 1.192 52.0 48.0 22.212
squirrel GAT 0.05 0.0005 1.357 48.2 45.2 22.391
squirrel GCN 0.002 0.0 0.637 53.3 54.1 12.891
squirrel GCN 0.002 0.0005 0.882 52.6 49.5 13.049
squirrel GCN 0.01 0.0 0.388 58.7 54.9 13.050
squirrel GCN 0.01 0.0005 0.837 54.4 50.4 13.082
squirrel GCN 0.05 0.0 0.562 57.8 55.3 13.219
squirrel GCN 0.05 0.0005 1.085 54.1 48.3 12.913
squirrel MLP 0.002 0.0 0.618 39.9 34.7 2.304
squirrel MLP 0.002 0.0005 0.698 40.3 36.4 2.397
squirrel MLP 0.01 0.0 0.608 40.9 34.2 2.386
squirrel MLP 0.01 0.0005 0.738 41.1 34.1 2.455
squirrel MLP 0.05 0.0 0.615 38.8 33.9 2.352
squirrel MLP 0.05 0.0005 0.989 40.4 33.2 2.416
squirrel JKNet 0.002 0.0 0.858 51.7 51.7 18.593
squirrel JKNet 0.002 0.0005 1.028 51.8 48.3 18.230
squirrel JKNet 0.01 0.0 0.632 56.0 54.6 18.149
squirrel JKNet 0.01 0.0005 0.938 55.1 49.9 18.646
squirrel JKNet 0.05 0.0 0.705 56.4 54.8 18.307
squirrel JKNet 0.05 0.0005 1.105 53.4 47.6 18.346
squirrel GPRGNNAttention 0.002 0.0 1.022 41.0 35.1 163.631
                        learnable weight: [0.96398414 0.84899894 0.8995792  0.47446963 0.36207634 0.38791003
 0.4708877  0.57719034 0.68508065 0.77916804 1.15861409]
squirrel GPRGNNAttention 0.002 0.0005 1.044 41.6 35.1 163.584
                        learnable weight: [1.27452796 1.25947732 1.12071656 0.80036154 0.69534479 0.68865731
 0.7228083  0.7737245  0.82788581 0.87562965 1.21894326]
squirrel GPRGNNAttention 0.01 0.0 1.020 41.3 35.1 163.410
                        learnable weight: [ 0.59770489  0.31621728  1.66960535 -1.26183232 -1.70127409 -0.97380022
 -0.23285198  0.30469905  0.76091773  1.20382114  1.9311688 ]
squirrel GPRGNNAttention 0.01 0.0005 1.104 40.5 34.9 164.524
                        learnable weight: [ 2.30367874  2.09518886  2.66427182  0.4967114  -0.10739557 -0.11701613
  0.05460886  0.30071776  0.58094382  0.86104422  1.41488297]
squirrel GPRGNNAttention 0.05 0.0 1.029 39.4 35.2 165.214
                        learnable weight: [ 5.32812792e-02 -2.09114923e-03  1.47064055e-01  7.75010933e-02
 -5.69233915e-01 -8.25044218e-01 -5.49991902e-01  2.01905321e-01
  1.35785973e+00  2.58391962e+00  4.19132167e+00]
squirrel GPRGNNAttention 0.05 0.0005 1.438 40.5 32.9 166.553
                        learnable weight: [ 0.09264067 -0.00891116  0.35874719 -0.22285049 -1.69106266 -0.52745965
  1.34397535  2.46604557  2.59334502  1.46396312 -0.85771296]
squirrel GPRGNNOrigin 0.002 0.0 0.937 48.8 45.2 26.714
                        learnable weight: [ 1.11832762 -0.65169754  1.59466216  0.40647523  0.70895767 -0.40518363
 -0.11528705 -0.4609073  -0.18897496 -0.15231108  0.39893906]
squirrel GPRGNNOrigin 0.002 0.0005 0.999 49.0 43.5 26.281
                        learnable weight: [ 1.43332438 -0.59667604  1.61381389  0.39298268  0.99856478 -0.2651758
  0.17992622 -0.42606901 -0.14052994 -0.25176045  0.27378279]
squirrel GPRGNNOrigin 0.01 0.0 0.902 53.8 50.3 25.928
                        learnable weight: [ 0.55101485 -0.90368391  2.11930867  1.44943909 -1.16066782 -0.34450086
 -0.80403001 -0.15611047 -0.13894894  0.14783504  0.41990538]
squirrel GPRGNNOrigin 0.01 0.0005 1.014 51.5 45.5 26.003
                        learnable weight: [ 1.65552493 -2.15208211  4.66413679  1.75296408  0.35058354 -1.03771201
 -1.10294196 -1.05803268 -0.50348613  0.02740364  1.00267687]
squirrel GPRGNNOrigin 0.05 0.0 0.881 56.3 52.9 26.485
                        learnable weight: [-0.10218204  0.28351547 -0.85396644 -0.73456043  1.38499472  0.44670025
 -0.13859018 -0.17195061 -0.45982409 -0.1503429   0.28748604]
squirrel GPRGNNOrigin 0.05 0.0005 1.260 50.3 42.2 26.186
                        learnable weight: [-4.98228402e-01  1.66578481e+00 -4.01483412e+00 -2.08827518e+00
  2.36093499e+00  5.11995589e-01  1.26271639e+00  8.64840683e-02
 -2.43161369e-03 -5.36018468e-01 -2.78396432e-01]
squirrel GPRGNNAttention 0.002 0.0 1.031 44.5 41.0 153.881
                        learnable weight: [ 1.18628599  0.1701144   0.96799295  0.1226473   0.48523984 -0.11663926
  0.0637378  -0.30264335 -0.2403263  -0.4359247  -0.11037485]
squirrel GPRGNNAttention 0.002 0.0005 1.064 44.3 41.0 153.552
                        learnable weight: [ 1.44222611  0.53850899  1.3401881   0.44899046  0.68552402 -0.09987891
  0.04216914 -0.33811696 -0.26574222 -0.43698993 -0.0913225 ]
squirrel GPRGNNAttention 0.01 0.0 1.145 38.9 35.8 154.251
                        learnable weight: [ 1.44104825  0.06410208 -0.00915874 -0.03067008  0.10332493 -0.04279531
  0.07055778 -0.08711023 -0.04863175 -0.14398939  0.17418321]
squirrel GPRGNNAttention 0.01 0.0005 1.333 43.4 35.2 153.752
                        learnable weight: [ 0.70014664 -0.03363306 -0.01541998  0.00281677 -0.0007914  -0.00386263
  0.00644897 -0.00772185  0.01594209 -0.08311129  0.07136414]
squirrel GPRGNNAttention 0.05 0.0 1.492 33.5 28.0 154.032
                        learnable weight: [ 0.01961339 -0.01824378 -0.17914851  0.04015783 -0.02005573  0.02516399
 -0.00571727 -0.03861917 -0.06710991 -0.10056226  0.17968546]
squirrel GPRGNNAttention 0.05 0.0005 1.682 30.8 28.1 153.792
                        learnable weight: [-0.00128198 -0.00372057  0.21112982  0.04087365 -0.26435993 -0.23649334
  0.02731062  0.05214283  0.03492234  0.01480592  0.30257452]
squirrel GPRGNNOrigin 0.01 0.0 1.335 30.8 32.2 39.893
                        learnable weight: [ 0.17583242  0.23806281  0.11849262  0.05443665  0.02180336  0.00538174
 -0.00286654 -0.00701394 -0.00910323 -0.01015798 -0.01020341]
squirrel MLP 0.01 0.0 0.842 33.6 32.7 19.157
squirrel GCN 0.01 0.0 0.979 29.8 32.7 17.519
squirrel GPRGNNOrigin 0.01 0.0 1.525 26.1 26.9 39.465
                        learnable weight: [ 5.16473324e-01  2.51030810e-01  1.23850005e-01  6.06663478e-02
  2.91774299e-02  1.34640425e-02  5.61707599e-03  1.69671854e-03
 -2.62449170e-04 -1.24169578e-03 -1.24292049e-03]
