texas APPNP 0.002 0.0 0.284 64.9 54.1 16.194
texas APPNP 0.002 0.0005 0.482 67.6 56.8 16.454
texas APPNP 0.01 0.0 1.037 62.2 54.1 15.412
texas APPNP 0.01 0.0005 0.694 64.9 64.9 15.271
texas APPNP 0.05 0.0 0.785 64.9 51.4 15.597
texas APPNP 0.05 0.0005 0.811 64.9 59.5 15.596
texas GAT 0.002 0.0 0.457 59.5 54.1 9.288
texas GAT 0.002 0.0005 0.553 67.6 56.8 9.304
texas GAT 0.01 0.0 1.852 64.9 51.4 9.164
texas GAT 0.01 0.0005 0.879 62.2 56.8 9.495
texas GAT 0.05 0.0 6.893 64.9 54.1 9.239
texas GAT 0.05 0.0005 6.214 64.9 54.1 9.487
texas GCN 0.002 0.0 0.042 64.9 54.1 7.390
texas GCN 0.002 0.0005 0.081 64.9 54.1 7.630
texas GCN 0.01 0.0 0.036 62.2 54.1 7.561
texas GCN 0.01 0.0005 0.038 64.9 54.1 7.643
texas GCN 0.05 0.0 0.214 64.9 54.1 7.582
texas GCN 0.05 0.0005 0.279 62.2 54.1 7.534
texas MLP 0.002 0.0 0.003 89.2 81.1 1.452
texas MLP 0.002 0.0005 0.009 89.2 83.8 1.496
texas MLP 0.01 0.0 0.000 86.5 83.8 1.505
texas MLP 0.01 0.0005 0.018 91.9 83.8 1.482
texas MLP 0.05 0.0 0.020 89.2 81.1 1.431
texas MLP 0.05 0.0005 0.171 97.3 89.2 1.450
texas JKNet 0.002 0.0 0.183 64.9 54.1 11.793
texas JKNet 0.002 0.0005 0.217 64.9 54.1 11.890
texas JKNet 0.01 0.0 0.237 64.9 54.1 11.711
texas JKNet 0.01 0.0005 0.123 62.2 54.1 11.684
texas JKNet 0.05 0.0 0.779 64.9 54.1 11.674
texas JKNet 0.05 0.0005 0.464 67.6 54.1 11.792
texas GPRGNNAttention 0.002 0.0 0.378 81.1 81.1 43.042
                        learnable weight: [0.66431708 0.04034851 0.37553553 0.49660765 0.73374971 0.94334392
 1.1388906  1.26497664 1.30039914 1.28670579 1.57072577]
texas GPRGNNAttention 0.002 0.0005 0.375 81.1 73.0 43.048
                        learnable weight: [0.74983757 0.04647961 0.64328078 0.76860444 1.02835084 1.19103048
 1.26619156 1.22715939 1.1652276  1.1024796  1.35566396]
texas GPRGNNAttention 0.01 0.0 0.317 83.8 70.3 43.604
                        learnable weight: [ 0.43559622 -0.0394064   0.20380904 -0.12556332  0.65495634  2.04058086
  3.34134863  4.10337738  4.93762447  5.45355713  6.40567657]
texas GPRGNNAttention 0.01 0.0005 0.450 83.8 81.1 42.830
                        learnable weight: [0.726579   0.04069191 0.26760804 0.07554676 0.28045247 0.68029782
 1.13504488 1.55792791 2.00024601 2.30410786 2.65838673]
texas GPRGNNAttention 0.05 0.0 0.534 81.1 73.0 43.566
                        learnable weight: [ 0.10987931 -0.00620107  0.09083577  0.00400401 -0.03326151 -0.00711129
  0.44963368  0.75865925  0.99111058  1.18619877  1.8794006 ]
texas GPRGNNAttention 0.05 0.0005 0.509 97.3 83.8 43.252
                        learnable weight: [ 0.19221846 -0.14318783  0.03866675 -0.16775812  0.18912695  0.12056956
  0.20205177  0.19039826  0.34328842  0.73759342  1.69231586]
texas GPRGNNOrigin 0.002 0.0 0.227 62.2 54.1 18.255
                        learnable weight: [ 1.18150235 -0.77196091  0.52866933  0.05421658  0.09797017  0.0153844
 -0.01463009 -0.04817826 -0.07830519 -0.110328    0.16977234]
texas GPRGNNOrigin 0.002 0.0005 0.328 62.2 54.1 18.896
                        learnable weight: [ 1.26218243 -0.81718992  0.50094815  0.04058916  0.09752784  0.01591754
 -0.01494651 -0.04878833 -0.07809931 -0.10849515  0.17376153]
texas GPRGNNOrigin 0.01 0.0 0.295 67.6 70.3 18.678
                        learnable weight: [ 1.72292401 -1.07463869  0.63444795  0.01438876  0.11533871  0.05687961
  0.03840534 -0.00441357 -0.05737221 -0.12220481  0.11867689]
texas GPRGNNOrigin 0.01 0.0005 0.238 70.3 78.4 18.649
                        learnable weight: [ 1.66539582 -1.30736294  0.67027116  0.01000713  0.08197258  0.0161446
  0.00558377 -0.0210613  -0.0547539  -0.10006942  0.15910465]
texas GPRGNNOrigin 0.05 0.0 0.856 64.9 54.1 18.655
                        learnable weight: [-0.87173149  1.86607802 -1.55009809  0.06246023 -0.10179374  0.02747615
 -0.01481236 -0.04559885 -0.08762426 -0.12613432  0.15012602]
texas GPRGNNOrigin 0.05 0.0005 0.742 81.1 73.0 18.437
                        learnable weight: [-0.9884685   1.63923849 -1.47243424  0.11201659  0.05100229  0.11660036
  0.01958725 -0.06314466 -0.1310902  -0.16853645  0.1356039 ]
texas GPRGNNAttention 0.002 0.0 0.216 64.9 54.1 37.066
                        learnable weight: [ 0.95356927 -0.59624044  0.44715039  0.11510564  0.17484657  0.07353673
  0.02172465 -0.02772361 -0.06636071 -0.10090636  0.18317367]
texas GPRGNNAttention 0.002 0.0005 0.297 70.3 73.0 37.845
                        learnable weight: [ 1.02190169e+00 -6.41274106e-01  2.94063954e-01  9.12515217e-02
  1.22578078e-01  8.27822187e-02  5.79088284e-02  2.72766268e-02
 -7.71314166e-04 -2.75466805e-02  2.61763106e-01]
texas GPRGNNAttention 0.01 0.0 0.420 81.1 70.3 37.463
                        learnable weight: [ 1.01528554 -0.16012008  0.0818674  -0.04290093  0.06951336  0.06150428
  0.04620938  0.00434717 -0.05291588 -0.11605395  0.1393049 ]
texas GPRGNNAttention 0.01 0.0005 0.439 86.5 81.1 37.174
                        learnable weight: [ 1.27305777 -0.48941527  0.33997808  0.05344417  0.10522105  0.06076779
  0.04534073  0.01224862 -0.03029484 -0.1071298   0.1030433 ]
texas GPRGNNAttention 0.05 0.0 1.374 89.2 81.1 37.680
                        learnable weight: [ 0.0274304  -0.04576908  1.2254711  -0.02514567  0.05111073 -0.01315568
 -0.04735235 -0.06345003 -0.06792923 -0.07149009  0.23909487]
texas GPRGNNAttention 0.05 0.0005 1.309 78.4 75.7 37.532
                        learnable weight: [ 0.02627698 -0.16681009  0.15161829  0.19682961  0.02692691  0.00485041
 -0.01578713 -0.01705756 -0.02836714 -0.04475762  0.25225526]
texas GPRGNNOrigin 0.01 0.0005 1.148 81.1 80.3 2.861
                        learnable weight: [ 1.40655194  0.87424372  0.51645235  0.29977179  0.17030457  0.0913026
  0.04164989  0.00948675 -0.01195486 -0.02663442  0.04896944]
texas GPRGNNAttention 0.01 0.0005 0.681 86.5 85.2 3.434
                        learnable weight: [ 2.08920935  1.60862486  1.07969638  0.63844673  0.35052429  0.17303782
  0.06034274 -0.01468519 -0.06696073 -0.10474133 -0.04693563]
texas GPRGNNAttention 0.05 0.0005 0.699 100.0 95.1 3.492
                        learnable weight: [ 4.89252501  0.47866694 -0.39619187 -0.16819714 -0.10633648 -0.03941559
  0.03642248  0.10710132  0.17246845  0.23290191  0.28878768]
texas GPRGNNOrigin 0.05 0.0 1.398 80.0 57.8 2.538
                        learnable weight: [ 1.95872476  1.937159    1.02047655  0.51306116  0.25247767  0.11812769
  0.04810525  0.01124516 -0.00832472 -0.01879326 -0.02394304]
texas GPRGNNOrigin 0.05 0.0 2.814 80.0 57.8 2.455
                        learnable weight: [ 1.78327673  1.52289346  0.93837424  0.51407714  0.26810247  0.13309627
  0.05974773  0.01981315 -0.00204868 -0.01409152 -0.02027849]
texas GCN 0.05 0.0 0.200 60.0 42.2 1.377
