wisconsin APPNP 0.002 0.0 0.415 50.0 62.7 15.335
wisconsin APPNP 0.002 0.0005 0.471 54.0 60.8 15.621
wisconsin APPNP 0.01 0.0 0.437 54.0 68.6 15.408
wisconsin APPNP 0.01 0.0005 0.531 58.0 64.7 15.483
wisconsin APPNP 0.05 0.0 0.976 50.0 51.0 15.460
wisconsin APPNP 0.05 0.0005 0.879 54.0 66.7 15.478
wisconsin GAT 0.002 0.0 0.678 52.0 58.8 9.181
wisconsin GAT 0.002 0.0005 0.511 56.0 58.8 9.353
wisconsin GAT 0.01 0.0 0.836 52.0 56.9 9.231
wisconsin GAT 0.01 0.0005 0.703 50.0 52.9 9.067
wisconsin GAT 0.05 0.0 7.443 54.0 54.9 9.195
wisconsin GAT 0.05 0.0005 7.085 52.0 33.3 9.370
wisconsin GCN 0.002 0.0 0.038 54.0 56.9 7.442
wisconsin GCN 0.002 0.0005 0.075 54.0 56.9 7.487
wisconsin GCN 0.01 0.0 0.059 52.0 60.8 7.375
wisconsin GCN 0.01 0.0005 0.071 54.0 62.7 7.441
wisconsin GCN 0.05 0.0 0.443 46.0 58.8 7.496
wisconsin GCN 0.05 0.0005 0.425 56.0 60.8 7.520
wisconsin MLP 0.002 0.0 0.003 76.0 90.2 1.398
wisconsin MLP 0.002 0.0005 0.006 78.0 90.2 1.439
wisconsin MLP 0.01 0.0 0.080 78.0 88.2 1.367
wisconsin MLP 0.01 0.0005 0.010 82.0 90.2 1.382
wisconsin MLP 0.05 0.0 0.042 78.0 90.2 1.417
wisconsin MLP 0.05 0.0005 0.262 86.0 92.2 1.391
wisconsin JKNet 0.002 0.0 0.205 50.0 56.9 11.197
wisconsin JKNet 0.002 0.0005 0.308 54.0 58.8 11.613
wisconsin JKNet 0.01 0.0 0.080 50.0 64.7 11.355
wisconsin JKNet 0.01 0.0005 0.203 52.0 58.8 11.593
wisconsin JKNet 0.05 0.0 0.621 56.0 56.9 11.362
wisconsin JKNet 0.05 0.0005 0.657 62.0 60.8 11.394
wisconsin GPRGNNAttention 0.002 0.0 0.437 72.0 88.2 43.502
                        learnable weight: [ 0.64914296  0.10073448  0.41904291  0.48628171  0.24947725  0.0729134
 -0.06446724 -0.18116664 -0.26639636 -0.32288586 -0.04628826]
wisconsin GPRGNNAttention 0.002 0.0005 0.412 74.0 90.2 43.479
                        learnable weight: [ 0.74402423  0.12180341  0.50712717  0.48523952  0.26741626  0.11279786
 -0.03207982 -0.16743043 -0.26783836 -0.33512474 -0.06716526]
wisconsin GPRGNNAttention 0.01 0.0 0.415 74.0 90.2 43.366
                        learnable weight: [0.59609743 0.01927062 0.10445903 0.2160948  0.26972232 0.07939447
 0.1111571  0.14061749 0.14378809 0.13186327 0.40609438]
wisconsin GPRGNNAttention 0.01 0.0005 0.418 80.0 90.2 43.596
                        learnable weight: [ 1.10307002  0.03510966  0.22655267  0.79198255  0.03379358 -0.2936199
 -0.43828355 -0.59147064 -0.73844196 -0.94364055 -0.97764216]
wisconsin GPRGNNAttention 0.05 0.0 0.547 80.0 90.2 43.767
                        learnable weight: [ 0.14399223 -0.03500111 -0.01909827 -0.1370851   0.05454593  0.01839525
 -0.0063151   0.12754769  0.11170745  0.05791926 -0.12349013]
wisconsin GPRGNNAttention 0.05 0.0005 0.773 86.0 94.1 43.416
                        learnable weight: [ 0.2654529  -0.01463941  0.1258267   0.33775728  0.04002078 -0.53243354
 -0.63874651 -0.67841796 -0.69723562 -0.94175815 -1.1444015 ]
wisconsin GPRGNNOrigin 0.002 0.0 0.325 56.0 66.7 18.426
                        learnable weight: [ 1.20299499 -0.51208101  0.5000484   0.10138867  0.14977497  0.05841289
  0.0083542  -0.04860638 -0.09504534 -0.13517915  0.145631  ]
wisconsin GPRGNNOrigin 0.002 0.0005 0.303 60.0 72.5 18.785
                        learnable weight: [ 1.26275623 -0.58833988  0.49363751  0.09903566  0.16335504  0.0677389
  0.01684475 -0.04291665 -0.09200081 -0.13596976  0.1401146 ]
wisconsin GPRGNNOrigin 0.01 0.0 0.376 72.0 76.5 18.630
                        learnable weight: [ 1.72959325 -0.56049417  0.3481016   0.16927914  0.16304076  0.08494122
  0.0152706  -0.0453361  -0.09937657 -0.14357054  0.13466826]
wisconsin GPRGNNOrigin 0.01 0.0005 0.384 74.0 82.4 18.708
                        learnable weight: [ 1.91606878 -0.66458373  0.3591005   0.09849557  0.1726446   0.11083062
  0.05940741 -0.00692464 -0.07511785 -0.14158109  0.11095727]
wisconsin GPRGNNOrigin 0.05 0.0 0.820 62.0 68.6 18.328
                        learnable weight: [ 0.94562463 -0.47310746  0.3679873  -0.09083994  0.08802204  0.09598567
  0.08281193  0.02778471 -0.05263088 -0.13855036  0.09505232]
wisconsin GPRGNNOrigin 0.05 0.0005 0.731 82.0 84.3 18.619
                        learnable weight: [-0.85141961  0.56679424 -0.56327054  0.20371023  0.03100633  0.03953446
 -0.01265519 -0.04785514 -0.08417058 -0.12675925  0.13231111]
wisconsin GPRGNNAttention 0.002 0.0 0.499 64.0 76.5 37.165
                        learnable weight: [ 0.96488472 -0.36301012  0.41907208  0.06439802  0.10482949  0.02089784
 -0.01692325 -0.06022943 -0.09103733 -0.11605179  0.18075985]
wisconsin GPRGNNAttention 0.002 0.0005 0.426 72.0 86.3 36.849
                        learnable weight: [ 1.02102014 -0.26847582  0.39834317  0.04093969  0.09102166  0.01247721
 -0.01741129 -0.05525134 -0.08306203 -0.10906942  0.18264777]
wisconsin GPRGNNAttention 0.01 0.0 0.663 80.0 84.3 36.925
                        learnable weight: [ 0.63619734 -0.01011728  0.03900343 -0.04838504 -0.00624813  0.00947966
  0.01519031 -0.0071654  -0.04565079 -0.10984168  0.13971504]
wisconsin GPRGNNAttention 0.01 0.0005 0.546 80.0 90.2 36.921
                        learnable weight: [ 0.70502995 -0.01512568  0.0400082  -0.0162982   0.00431937  0.01567754
  0.00905528 -0.014152   -0.05986484 -0.10917977  0.17364417]
wisconsin GPRGNNAttention 0.05 0.0 1.155 56.0 62.7 37.231
                        learnable weight: [ 0.04500391  0.01427919  0.11431144  0.08018713  0.06426316  0.02009292
 -0.03378836 -0.04832622 -0.05434108 -0.05964568  0.2500813 ]
wisconsin GPRGNNAttention 0.05 0.0005 0.771 78.0 88.2 37.157
                        learnable weight: [ 0.55189624  0.04636025 -0.0133745  -0.07161135  0.0170918  -0.02282613
  0.01754621 -0.0167991  -0.06534059 -0.12834341  0.12748603]
